,Unnamed: 0,Name,Symbol,Open,High,Low,Close,Net Chg,% Chg,Volume,52 Wk High,52 Wk Low,Div,Yield,P/E,YTD % Chg,Stock,day,date
565431,484,Naked Brand Group,NAKD,1.47,1.48,1.45,1.47,0.02,1.20,"24,729",3.00,1.11,...,...,...,1.38,Thursday,Thursday,2018/03/29
565432,471,Naked Brand Group,NAKD,1.45,1.49,1.43,1.44,-0.01,-0.69,"37,459",3.00,1.11,...,...,...,-0.69,Wednesday,Wednesday,2018/04/11
565433,468,Naked Brand Group,NAKD,1.46,1.46,1.4,1.43,-0.01,-1.04,"38,516",3.0,1.11,...,...,...,-1.72,Thursday,Thursday,2018/04/12
565434,474,Naked Brand Group,NAKD,1.44,1.44,1.33,1.39,-0.06,-4.21,"69,759",3.0,1.11,...,...,...,-4.21,Tuesday,Tuesday,2018/04/17
565435,479,Naked Brand Group,NAKD,1.42,1.48,1.39,1.48,0.09,6.55,"51,464",3.00,1.11,...,...,...,2.07,Wednesday,Wednesday,2018/04/18
565436,464,Naked Brand Group,NAKD,1.49,1.49,1.45,1.46,-0.02,-1.35,"15,792",3.0,1.11,...,...,...,0.69,Thursday,Thursday,2018/04/19
565437,467,Naked Brand Group,NAKD,1.46,1.47,1.37,1.44,-0.02,-1.37,"15,306",3.00,1.11,...,...,...,-0.69,Friday,Friday,2018/04/20
565438,473,Naked Brand Group,NAKD,1.45,1.45,1.38,1.44,0.02,1.41,"36,029",3.0,1.11,...,...,...,-0.69,Tuesday,Tuesday,2018/04/24
565439,466,Naked Brand Group,NAKD,1.46,1.49,1.39,1.49,0.05,3.47,"114,670",3.00,1.11,...,...,...,2.76,Wednesday,Wednesday,2018/04/25
565440,458,Naked Brand Group,NAKD,1.42,1.44,1.38,1.4,-0.02,-1.41,"28,340",3.0,1.11,...,...,...,-3.45,Friday,Friday,2018/04/27
565441,485,Naked Brand Group,NAKD,1.37,1.4,1.37,1.38,-0.02,-1.43,"18,505",3.0,1.11,...,...,...,-4.83,Monday,Monday,2018/04/30
565442,457,Naked Brand Group,NAKD,1.39,1.39,1.26,1.35,-0.03,-2.17,"65,656",3.00,1.11,...,...,...,-6.90,Tuesday,Tuesday,2018/05/01
565443,471,Naked Brand Group,NAKD,1.37,1.39,1.35,1.38,0.02,1.85,"11,660",3.00,1.11,...,...,...,-5.17,Thursday,Thursday,2018/05/03
565444,466,Naked Brand Group,NAKD,1.38,1.38,1.35,1.37,-0.00,-0.36,"25,836",3.00,1.11,...,...,...,-5.52,Friday,Friday,2018/05/04
565445,489,Naked Brand Group,NAKD,1.37,1.37,1.33,1.33,-0.04,-3.07,"21,482",3.00,1.11,...,...,...,-8.41,Monday,Monday,2018/05/07
565446,466,Naked Brand Group,NAKD,1.34,1.34,1.3,1.32,-0.01,-0.68,"12,654",3.0,1.11,...,...,...,-9.03,Tuesday,Tuesday,2018/05/08
565447,486,Naked Brand Group,NAKD,1.33,1.33,1.28,1.32,...,0.08,"10,303",3.0,1.11,...,...,...,-8.97,Wednesday,Wednesday,2018/05/09
565448,478,Naked Brand Group,NAKD,1.32,1.33,1.3,1.31,-0.01,-0.76,"8,349",3.0,1.11,...,...,...,-9.66,Thursday,Thursday,2018/05/10
565449,477,Naked Brand Group,NAKD,1.3,1.3,1.27,1.28,-0.03,-2.37,"26,056",3.00,1.11,...,...,...,-11.79,Friday,Friday,2018/05/11
565450,473,Naked Brand Group,NAKD,1.26,1.3,1.26,1.3,0.02,1.44,"9,490",3.0,1.11,...,...,...,-10.52,Monday,Monday,2018/05/14
565451,476,Naked Brand Group,NAKD,1.3,1.3,1.28,1.3,...,0.20,"37,853",3.0,1.11,...,...,...,-10.34,Tuesday,Tuesday,2018/05/15
565452,474,Naked Brand Group,NAKD,1.28,1.3,1.28,1.28,-0.02,-1.54,"51,497",3.00,1.11,...,...,...,-11.72,Wednesday,Wednesday,2018/05/16
565453,463,Naked Brand Group,NAKD,1.3,1.3,1.29,1.3,0.02,1.56,"17,836",3.00,1.11,...,...,...,-10.34,Thursday,Thursday,2018/05/17
565454,467,Naked Brand Group,NAKD,1.3,1.3,1.28,1.3,...,...,"5,373",3.0,1.11,...,...,...,-10.34,Friday,Friday,2018/05/18
565455,475,Naked Brand Group,NAKD,1.3,1.3,1.28,1.3,...,...,"11,158",3.0,1.11,...,...,...,-10.34,Monday,Monday,2018/05/21
565456,474,Naked Brand Group,NAKD,1.29,1.3,1.28,1.3,-0.00,-0.38,"11,125",3.00,1.11,...,...,...,-10.68,Tuesday,Tuesday,2018/05/22
565457,481,Naked Brand Group,NAKD,1.3,1.3,1.28,1.3,...,0.38,"14,580",3.0,1.11,...,...,...,-10.34,Wednesday,Wednesday,2018/05/23
565458,479,Naked Brand Group,NAKD,1.3,1.39,1.29,1.39,0.09,6.92,"35,537",3.00,1.11,...,...,...,-4.14,Thursday,Thursday,2018/05/24
565459,464,Naked Brand Group,NAKD,1.45,1.45,1.4,1.45,0.06,4.32,"66,575",2.01,1.11,...,...,...,...,Friday,Friday,2018/05/25
565460,467,Naked Brand Group,NAKD,1.53,1.84,1.47,1.65,0.20,13.79,"740,692",1.92,1.11,...,...,...,13.79,Tuesday,Tuesday,2018/05/29
565461,478,Naked Brand Group,NAKD,1.66,1.66,1.5,1.52,-0.13,-7.94,"161,196",1.92,1.11,...,...,...,4.76,Wednesday,Wednesday,2018/05/30
565462,483,Naked Brand Group,NAKD,1.49,1.49,1.36,1.41,-0.11,-7.18,"87,352",1.92,1.11,...,...,...,-2.76,Thursday,Thursday,2018/05/31
565463,479,Naked Brand Group,NAKD,1.42,1.55,1.42,1.55,0.14,9.93,"84,541",1.92,1.11,...,...,...,6.90,Friday,Friday,2018/06/01
565464,468,Naked Brand Group,NAKD,1.60,1.6,1.55,1.55,...,...,"55,342",1.92,1.11,...,...,...,6.90,Monday,Monday,2018/06/04
565465,474,Naked Brand Group,NAKD,1.61,1.68,1.48,1.62,0.07,4.52,"99,104",1.92,1.11,...,...,...,11.72,Tuesday,Tuesday,2018/06/05
565466,482,Naked Brand Group,NAKD,1.65,1.66,1.3,1.52,-0.10,-6.17,"86,992",1.92,1.11,...,...,...,4.83,Wednesday,Wednesday,2018/06/06
565467,475,Naked Brand Group,NAKD,1.5,1.52,1.44,1.44,-0.08,-5.26,"114,977",1.92,1.11,...,...,...,-0.69,Thursday,Thursday,2018/06/07
565468,469,Naked Brand Group,NAKD,1.48,1.5,1.31,1.38,-0.06,-4.17,"138,194",1.92,1.11,...,...,...,-4.83,Friday,Friday,2018/06/08
565469,471,Naked Brand Group,NAKD,1.45,1.5,1.32,1.49,0.11,7.66,"129,557",1.86,1.11,...,...,...,2.46,Monday,Monday,2018/06/11
565470,476,Naked Brand Group,NAKD,2.19,2.33,1.5,1.51,0.02,1.33,"11,026,891",2.33,1.11,...,...,...,3.83,Tuesday,Tuesday,2018/06/12
565471,483,Naked Brand Group,NAKD,1.43,1.55,1.4,1.43,-0.08,-5.01,"1,105,449",2.33,1.11,...,...,...,-1.38,Wednesday,Wednesday,2018/06/13
565472,483,Naked Brand Group,NAKD,1.46,1.46,1.35,1.36,-0.07,-4.90,"418,339",2.33,1.11,...,...,...,-6.21,Thursday,Thursday,2018/06/14
565473,460,Naked Brand Group,NAKD,1.4,1.48,1.31,1.42,0.06,4.41,"527,170",2.33,1.11,...,...,...,-2.07,Friday,Friday,2018/06/15
565474,471,Naked Brand Group,NAKD,1.49,1.6,1.44,1.54,0.12,8.45,"1,065,442",2.33,1.11,...,...,...,6.21,Monday,Monday,2018/06/18
565475,469,Naked Brand Group,NAKD,1.52,1.65,1.47,1.59,0.05,3.25,"435,685",2.33,1.11,...,...,...,9.66,Tuesday,Tuesday,2018/06/19
565476,476,Naked Brand Group,NAKD,...,...,4.63,8.5,0.55,6.92,"6,577,777",...,...,...,...,...,...,Wednesday,Wednesday,2018/06/20
565477,480,Naked Brand Group,NAKD,7.9,8.39,5.66,6.0,-2.50,-29.41,"692,237",...,...,...,...,...,...,Thursday,Thursday,2018/06/21
565478,470,Naked Brand Group,NAKD,6.01,6.16,4.52,4.83,-1.17,-19.50,"536,985",11.36,1.11,...,...,...,233.10,Friday,Friday,2018/06/22
565479,479,Naked Brand Group,NAKD,4.66,5.7,4.04,4.95,0.12,2.48,"409,051",11.36,1.11,...,...,...,241.38,Monday,Monday,2018/06/25
565480,486,Naked Brand Group,NAKD,5.0,6.24,5.0,5.51,0.56,11.31,"1,079,591",11.36,1.11,...,...,...,280.00,Tuesday,Tuesday,2018/06/26
565481,468,Naked Brand Group,NAKD,5.45,5.76,5.36,5.7,0.19,3.45,"209,716",11.36,1.11,...,...,...,293.10,Wednesday,Wednesday,2018/06/27
565482,486,Naked Brand Group,NAKD,5.36,6.75,5.36,6.62,0.92,16.14,"450,939",11.36,1.11,...,...,...,356.55,Thursday,Thursday,2018/06/28
565483,491,Naked Brand Group,NAKD,6.42,6.75,6.0,6.34,-0.28,-4.23,"109,404",11.36,1.11,...,...,...,337.24,Friday,Friday,2018/06/29
565484,459,Naked Brand Group,NAKD,6.45,6.45,5.58,5.9,-0.44,-6.94,"94,914",11.36,1.11,...,...,...,306.90,Monday,Monday,2018/07/02
565485,454,Naked Brand Group,NAKD,6.14,6.14,5.82,6.09,0.19,3.22,"29,194",11.36,1.11,...,...,...,320.00,Tuesday,Tuesday,2018/07/03
565486,470,Naked Brand Group,NAKD,6.05,6.43,5.9,6.0,-0.09,-1.48,"65,726",11.36,1.11,...,...,...,313.79,Thursday,Thursday,2018/07/05
565487,479,Naked Brand Group,NAKD,5.99,5.99,5.79,5.79,-0.21,-3.50,"38,374",11.36,1.11,...,...,...,299.31,Friday,Friday,2018/07/06
565488,482,Naked Brand Group,NAKD,5.75,6.15,5.7,5.76,-0.03,-0.52,"60,814",11.36,1.11,...,...,...,297.24,Monday,Monday,2018/07/09
565489,480,Naked Brand Group,NAKD,5.76,6.17,5.51,5.51,-0.25,-4.34,"64,716",11.36,1.11,...,...,...,280.00,Tuesday,Tuesday,2018/07/10
565490,477,Naked Brand Group,NAKD,5.49,5.61,5.01,5.08,-0.43,-7.80,"68,830",11.36,1.11,...,...,...,250.34,Wednesday,Wednesday,2018/07/11
565491,479,Naked Brand Group,NAKD,5.02,5.63,4.95,5.3,0.22,4.33,"48,089",11.36,1.11,...,...,...,265.52,Thursday,Thursday,2018/07/12
565492,471,Naked Brand Group,NAKD,5.3,5.89,5.05,5.05,-0.25,-4.72,"189,026",11.36,1.11,...,...,...,248.28,Friday,Friday,2018/07/13
565493,472,Naked Brand Group,NAKD,5.10,5.24,4.94,4.94,-0.11,-2.09,"25,112",11.36,1.11,...,...,...,240.99,Monday,Monday,2018/07/16
565494,484,Naked Brand Group,NAKD,4.69,5.05,4.36,4.76,-0.18,-3.73,"80,714",11.36,1.11,...,...,...,228.28,Tuesday,Tuesday,2018/07/17
565495,481,Naked Brand Group,NAKD,4.72,5.0,4.51,4.56,-0.20,-4.20,"96,535",11.36,1.11,...,...,...,214.48,Wednesday,Wednesday,2018/07/18
565496,492,Naked Brand Group,NAKD,4.51,4.67,4.51,4.58,0.02,0.44,"15,671",11.36,1.11,...,...,...,215.86,Thursday,Thursday,2018/07/19
565497,468,Naked Brand Group,NAKD,4.54,4.63,4.19,4.6,0.02,0.44,"50,728",11.36,1.11,...,...,...,217.24,Friday,Friday,2018/07/20
565498,479,Naked Brand Group,NAKD,4.44,4.45,4.21,4.27,-0.33,-7.17,"52,465",11.36,1.11,...,...,...,194.48,Monday,Monday,2018/07/23
565499,485,Naked Brand Group,NAKD,4.29,4.41,4.07,4.08,-0.19,-4.33,"25,276",11.36,1.11,...,...,...,181.72,Tuesday,Tuesday,2018/07/24
565500,467,Naked Brand Group,NAKD,4.08,4.34,4.0,4.09,...,0.12,"26,854",11.36,1.11,...,...,...,182.06,Wednesday,Wednesday,2018/07/25
565501,487,Naked Brand Group,NAKD,4.25,4.25,3.8,4.0,-0.09,-2.20,"53,264",11.36,1.11,...,...,...,175.86,Thursday,Thursday,2018/07/26
565502,476,Naked Brand Group,NAKD,3.81,3.94,3.61,3.61,-0.39,-9.75,"52,825",11.36,1.11,...,...,...,148.97,Friday,Friday,2018/07/27
565503,481,Naked Brand Group,NAKD,3.51,4.14,3.51,4.14,0.53,14.68,"39,535",11.36,1.11,...,...,...,185.52,Monday,Monday,2018/07/30
565504,489,Naked Brand Group,NAKD,6.61,6.99,5.32,6.0,1.86,44.93,"3,641,801",11.36,1.11,...,...,...,313.79,Tuesday,Tuesday,2018/07/31
565505,480,Naked Brand Group,NAKD,4.7,5.38,4.5,5.34,-0.66,-11.00,"316,898",11.36,1.11,...,...,...,268.28,Wednesday,Wednesday,2018/08/01
565506,492,Naked Brand Group,NAKD,5.38,5.38,4.47,4.56,-0.78,-14.61,"179,951",11.36,1.11,...,...,...,214.48,Thursday,Thursday,2018/08/02
565507,468,Naked Brand Group,NAKD,4.53,4.53,4.16,4.16,-0.40,-8.77,"137,062",11.36,1.11,...,...,...,186.90,Friday,Friday,2018/08/03
565508,472,Naked Brand Group,NAKD,4.36,4.74,4.1,4.74,0.58,13.94,"81,598",11.36,1.11,...,...,...,226.90,Monday,Monday,2018/08/06
565509,482,Naked Brand Group,NAKD,4.71,4.8,4.25,4.29,-0.45,-9.49,"60,327",11.36,1.11,...,...,...,195.86,Tuesday,Tuesday,2018/08/07
565510,482,Naked Brand Group,NAKD,4.3,4.5,4.25,4.28,-0.01,-0.23,"48,268",11.36,1.11,...,...,...,195.17,Wednesday,Wednesday,2018/08/08
565511,482,Naked Brand Group,NAKD,4.41,4.62,4.21,4.31,0.03,0.70,"41,406",11.36,1.11,...,...,...,197.25,Thursday,Thursday,2018/08/09
565512,483,Naked Brand Group,NAKD,4.37,4.39,4.13,4.18,-0.13,-3.02,"20,429",11.36,1.11,...,...,...,188.28,Friday,Friday,2018/08/10
565513,498,Naked Brand Group,NAKD,4.24,4.5,4.01,4.07,-0.11,-2.55,"196,022",11.36,1.11,...,...,...,180.93,Monday,Monday,2018/08/13
565514,494,Naked Brand Group,NAKD,4.15,4.30,4.0,4.15,0.08,1.88,"103,260",11.36,1.11,...,...,...,186.21,Tuesday,Tuesday,2018/08/14
565515,497,Naked Brand Group,NAKD,4.20,4.20,4.0,4.05,-0.10,-2.41,"73,451",11.36,1.11,...,...,...,179.31,Wednesday,Wednesday,2018/08/15
565516,501,Naked Brand Group,NAKD,4.15,4.15,3.65,3.69,-0.36,-8.97,"159,805",11.36,1.11,...,...,...,154.27,Thursday,Thursday,2018/08/16
565517,480,Naked Brand Group,NAKD,3.95,3.95,3.45,3.64,-0.05,-1.27,"112,992",11.36,1.11,...,...,...,151.03,Friday,Friday,2018/08/17
565518,499,Naked Brand Group,NAKD,3.62,3.62,3.31,3.42,-0.22,-6.04,"138,884",11.36,1.11,...,...,...,135.86,Monday,Monday,2018/08/20
565519,494,Naked Brand Group,NAKD,3.45,3.75,3.39,3.74,0.32,9.36,"172,967",11.36,1.11,...,...,...,157.93,Tuesday,Tuesday,2018/08/21
565520,486,Naked Brand Group,NAKD,3.8,4.1,3.8,4.1,0.36,9.63,"118,844",11.36,1.11,...,...,...,182.76,Wednesday,Wednesday,2018/08/22
565521,484,Naked Brand Group,NAKD,4.4,4.68,4.1,4.5,0.40,9.76,"205,214",11.36,1.11,...,...,...,210.34,Thursday,Thursday,2018/08/23
565522,491,Naked Brand Group,NAKD,4.75,4.75,4.47,4.57,0.07,1.51,"143,404",11.36,1.11,...,...,...,215.02,Friday,Friday,2018/08/24
565523,494,Naked Brand Group,NAKD,4.75,4.75,4.57,4.62,0.05,1.14,"75,131",11.36,1.11,...,...,...,218.62,Monday,Monday,2018/08/27
565524,485,Naked Brand Group,NAKD,4.77,4.80,3.92,4.26,-0.36,-7.79,"204,901",11.36,1.11,...,...,...,193.79,Tuesday,Tuesday,2018/08/28
565525,485,Naked Brand Group,NAKD,4.22,4.22,3.95,3.96,-0.30,-7.04,"141,758",11.36,1.11,...,...,...,173.10,Wednesday,Wednesday,2018/08/29
565526,497,Naked Brand Group,NAKD,3.95,4.15,3.9,4.1,0.14,3.54,"77,038",11.36,1.11,...,...,...,182.76,Thursday,Thursday,2018/08/30
565527,510,Naked Brand Group,NAKD,4.1,4.15,3.63,4.08,-0.02,-0.49,"94,748",11.36,1.11,...,...,...,181.38,Friday,Friday,2018/08/31
565528,492,Naked Brand Group,NAKD,4.03,4.03,3.92,3.94,-0.14,-3.43,"32,659",11.36,1.11,...,...,...,171.72,Tuesday,Tuesday,2018/09/04
565529,483,Naked Brand Group,NAKD,3.94,3.94,3.75,3.84,-0.10,-2.54,"75,689",11.36,1.11,...,...,...,164.83,Wednesday,Wednesday,2018/09/05
565530,491,Naked Brand Group,NAKD,3.98,4.21,3.25,3.41,-0.43,-11.20,"490,153",11.36,1.11,...,...,...,135.17,Thursday,Thursday,2018/09/06
565531,490,Naked Brand Group,NAKD,3.58,3.58,3.26,3.34,-0.07,-2.05,"144,532",11.36,1.11,...,...,...,130.34,Friday,Friday,2018/09/07
565532,492,Naked Brand Group,NAKD,3.34,3.5,3.3,3.33,-0.01,-0.30,"84,981",11.36,1.11,...,...,...,129.66,Monday,Monday,2018/09/10
565533,487,Naked Brand Group,NAKD,3.28,3.40,2.9,2.92,-0.41,-12.31,"309,963",11.36,1.11,...,...,...,101.38,Tuesday,Tuesday,2018/09/11
565534,498,Naked Brand Group,NAKD,2.92,3.22,2.92,2.97,0.05,1.71,"131,852",11.36,1.11,...,...,...,104.83,Wednesday,Wednesday,2018/09/12
565535,504,Naked Brand Group,NAKD,3.0,3.17,2.97,3.03,0.06,2.02,"164,615",11.36,1.11,...,...,...,108.97,Thursday,Thursday,2018/09/13
565536,501,Naked Brand Group,NAKD,3.00,3.10,2.82,2.88,-0.15,-4.95,"100,178",11.36,1.11,...,...,...,98.62,Friday,Friday,2018/09/14
565537,512,Naked Brand Group,NAKD,2.85,2.99,2.82,2.89,0.01,0.35,"88,821",11.36,1.11,...,...,...,99.31,Monday,Monday,2018/09/17
565538,511,Naked Brand Group,NAKD,2.88,2.97,2.76,2.78,-0.11,-3.81,"114,619",11.36,1.11,...,...,...,91.72,Tuesday,Tuesday,2018/09/18
565539,499,Naked Brand Group,NAKD,2.80,3.09,2.8,2.88,0.10,3.60,"151,926",11.36,1.11,...,...,...,98.62,Wednesday,Wednesday,2018/09/19
565540,506,Naked Brand Group,NAKD,2.91,3.03,2.86,2.92,0.04,1.39,"80,017",11.36,1.11,...,...,...,101.38,Thursday,Thursday,2018/09/20
565541,508,Naked Brand Group,NAKD,2.93,2.95,2.66,2.66,-0.26,-8.90,"175,507",11.36,1.11,...,...,...,83.45,Friday,Friday,2018/09/21
565542,500,Naked Brand Group,NAKD,2.7,2.79,2.66,2.68,0.02,0.75,"53,803",11.36,1.11,...,...,...,84.83,Monday,Monday,2018/09/24
565543,508,Naked Brand Group,NAKD,2.65,2.76,2.55,2.61,-0.07,-2.61,"74,645",11.36,1.11,...,...,...,80.00,Tuesday,Tuesday,2018/09/25
565544,493,Naked Brand Group,NAKD,2.68,2.81,2.6,2.73,0.09,3.41,"93,762",11.36,1.11,...,...,...,88.28,Thursday,Thursday,2018/09/27
565545,503,Naked Brand Group,NAKD,2.79,2.99,2.66,2.69,-0.04,-1.47,"216,364",11.36,1.11,...,...,...,85.52,Friday,Friday,2018/09/28
565546,489,Naked Brand Group,NAKD,2.70,2.74,2.38,2.41,-0.28,-10.41,"158,242",11.36,1.11,...,...,...,66.21,Monday,Monday,2018/10/01
565547,495,Naked Brand Group,NAKD,2.38,2.48,2.26,2.41,...,...,"126,840",11.36,1.11,...,...,...,66.21,Tuesday,Tuesday,2018/10/02
565548,503,Naked Brand Group,NAKD,2.44,2.46,2.27,2.45,0.04,1.66,"48,519",11.36,1.11,...,...,...,68.97,Wednesday,Wednesday,2018/10/03
565549,494,Naked Brand Group,NAKD,2.43,2.5,2.29,2.39,-0.06,-2.45,"104,923",11.36,1.11,...,...,...,64.83,Thursday,Thursday,2018/10/04
565550,487,Naked Brand Group,NAKD,2.38,2.45,2.28,2.39,...,...,"88,619",11.36,1.11,...,...,...,64.83,Friday,Friday,2018/10/05
565551,488,Naked Brand Group,NAKD,2.37,2.39,2.11,2.3,-0.09,-3.77,"55,927",11.36,1.11,...,...,...,58.62,Monday,Monday,2018/10/08
565552,507,Naked Brand Group,NAKD,2.29,2.29,2.11,2.12,-0.18,-7.83,"73,399",11.36,1.11,...,...,...,46.21,Tuesday,Tuesday,2018/10/09
565553,508,Naked Brand Group,NAKD,2.20,2.20,1.98,1.98,-0.14,-6.60,"265,183",11.36,1.11,...,...,...,36.55,Wednesday,Wednesday,2018/10/10
565554,506,Naked Brand Group,NAKD,2.07,2.07,1.9,1.9,-0.08,-4.04,"84,690",11.36,1.11,...,...,...,31.03,Thursday,Thursday,2018/10/11
565555,502,Naked Brand Group,NAKD,1.93,2.09,1.79,1.89,-0.01,-0.53,"101,571",11.36,1.11,...,...,...,30.34,Friday,Friday,2018/10/12
565556,502,Naked Brand Group,NAKD,1.90,1.97,1.7,1.71,-0.18,-9.52,"175,510",11.36,1.11,...,...,...,17.93,Monday,Monday,2018/10/15
565557,486,Naked Brand Group,NAKD,1.76,1.95,1.71,1.82,0.11,6.43,"227,084",11.36,1.11,...,...,...,25.52,Tuesday,Tuesday,2018/10/16
565558,496,Naked Brand Group,NAKD,1.87,1.89,1.57,1.61,-0.21,-11.54,"235,158",11.36,1.11,...,...,...,11.03,Wednesday,Wednesday,2018/10/17
565559,477,Naked Brand Group,NAKD,1.68,1.70,1.6,1.65,0.04,2.48,"35,862",11.36,1.11,...,...,...,13.79,Thursday,Thursday,2018/10/18
565560,487,Naked Brand Group,NAKD,1.67,1.73,1.5,1.54,-0.11,-6.66,"276,797",11.36,1.11,...,...,...,6.21,Friday,Friday,2018/10/19
565561,485,Naked Brand Group,NAKD,1.61,1.69,1.51,1.54,-0.00,-0.01,"68,593",11.36,1.11,...,...,...,6.21,Monday,Monday,2018/10/22
565562,496,Naked Brand Group,NAKD,1.58,1.6,1.55,1.6,0.06,3.90,"76,664",11.36,1.11,...,...,...,10.34,Tuesday,Tuesday,2018/10/23
565563,506,Naked Brand Group,NAKD,1.65,1.65,1.4,1.45,-0.15,-9.38,"139,502",11.36,1.11,...,...,...,...,Wednesday,Wednesday,2018/10/24
565564,506,Naked Brand Group,NAKD,1.48,1.53,1.41,1.43,-0.02,-1.38,"101,163",11.36,1.11,...,...,...,-1.38,Thursday,Thursday,2018/10/25
565565,499,Naked Brand Group,NAKD,1.41,1.48,1.34,1.45,0.02,1.40,"50,513",11.36,1.11,...,...,...,...,Friday,Friday,2018/10/26
565566,494,Naked Brand Group,NAKD,1.48,1.48,1.25,1.25,-0.20,-13.79,"273,216",11.36,1.11,...,...,...,-13.79,Monday,Monday,2018/10/29
565567,500,Naked Brand Group,NAKD,1.26,1.52,1.26,1.35,0.10,8.00,"245,590",11.36,1.11,...,...,...,-6.90,Tuesday,Tuesday,2018/10/30
565568,512,Naked Brand Group,NAKD,1.38,1.41,1.31,1.37,0.02,1.48,"76,886",11.36,1.11,...,...,...,-5.52,Wednesday,Wednesday,2018/10/31
565569,502,Naked Brand Group,NAKD,1.37,1.4,1.31,1.37,...,...,"59,777",11.36,1.11,...,...,...,-5.52,Thursday,Thursday,2018/11/01
565570,493,Naked Brand Group,NAKD,1.36,1.45,1.33,1.4,0.03,2.19,"60,112",11.36,1.11,...,...,...,-3.45,Friday,Friday,2018/11/02
565571,513,Naked Brand Group,NAKD,1.40,1.62,1.36,1.43,0.03,2.14,"597,907",11.36,1.11,...,...,...,-1.38,Monday,Monday,2018/11/05
565572,498,Naked Brand Group,NAKD,1.45,2.12,1.42,2.05,0.62,43.36,"7,281,227",11.36,1.11,...,...,...,41.38,Tuesday,Tuesday,2018/11/06
565573,496,Naked Brand Group,NAKD,1.79,1.97,1.45,1.6,-0.45,-21.95,"2,514,653",11.36,1.11,...,...,...,10.34,Wednesday,Wednesday,2018/11/07
565574,500,Naked Brand Group,NAKD,1.62,1.64,1.3,1.35,-0.25,-15.63,"630,139",11.36,1.11,...,...,...,-6.90,Thursday,Thursday,2018/11/08
565575,488,Naked Brand Group,NAKD,1.34,1.37,1.3,1.31,-0.04,-2.96,"256,468",11.36,1.11,...,...,...,-9.66,Friday,Friday,2018/11/09
565576,494,Naked Brand Group,NAKD,1.30,1.32,1.2,1.21,-0.10,-7.63,"223,976",11.36,1.11,...,...,...,-16.55,Monday,Monday,2018/11/12
565577,498,Naked Brand Group,NAKD,1.22,1.24,1.13,1.17,-0.04,-3.31,"225,720",11.36,1.11,...,...,...,-19.31,Tuesday,Tuesday,2018/11/13
565578,495,Naked Brand Group,NAKD,1.18,1.24,1.07,1.13,-0.04,-3.42,"182,245",11.36,1.07,...,...,...,-22.07,Wednesday,Wednesday,2018/11/14
565579,494,Naked Brand Group,NAKD,1.36,1.58,1.06,1.14,0.01,0.88,"3,976,259",11.36,1.06,...,...,...,-21.38,Thursday,Thursday,2018/11/15
565580,508,Naked Brand Group,NAKD,1.16,1.19,1.06,1.17,0.03,2.63,"489,227",11.36,1.06,...,...,...,-19.31,Friday,Friday,2018/11/16
565581,506,Naked Brand Group,NAKD,1.21,1.21,1.11,1.17,...,...,"147,166",11.36,1.06,...,...,...,-19.31,Monday,Monday,2018/11/19
565582,495,Naked Brand Group,NAKD,1.14,1.15,1.07,1.14,-0.03,-2.56,"118,462",11.36,1.06,...,...,...,-21.38,Tuesday,Tuesday,2018/11/20
565583,493,Naked Brand Group,NAKD,1.14,1.37,1.09,1.18,0.04,3.51,"548,153",11.36,1.06,...,...,...,-18.62,Wednesday,Wednesday,2018/11/21
565584,447,Naked Brand Group,NAKD,1.18,1.45,1.15,1.24,0.06,5.08,"387,818",11.36,1.06,...,...,...,-14.48,Friday,Friday,2018/11/23
565585,501,Naked Brand Group,NAKD,1.26,1.35,1.21,1.29,0.05,4.03,"254,762",11.36,1.06,...,...,...,-11.03,Monday,Monday,2018/11/26
565586,502,Naked Brand Group,NAKD,1.27,1.34,1.23,1.23,-0.06,-4.65,"309,816",11.36,1.06,...,...,...,-15.17,Tuesday,Tuesday,2018/11/27
565587,504,Naked Brand Group,NAKD,1.23,1.37,1.23,1.28,0.05,4.07,"324,778",11.36,1.06,...,...,...,-11.72,Wednesday,Wednesday,2018/11/28
565588,505,Naked Brand Group,NAKD,1.29,1.33,1.22,1.22,-0.06,-4.69,"191,543",11.36,1.06,...,...,...,-15.86,Thursday,Thursday,2018/11/29
565589,542,Naked Brand Group,NAKD,1.23,1.30,1.21,1.25,0.03,2.46,"284,619",11.36,1.06,...,...,...,-13.79,Friday,Friday,2018/11/30
565590,512,Naked Brand Group,NAKD,1.26,1.3,1.21,1.28,0.03,2.40,"131,556",11.36,1.06,...,...,...,-11.72,Monday,Monday,2018/12/03
565591,497,Naked Brand Group,NAKD,1.26,1.29,1.21,1.22,-0.06,-4.69,"143,543",11.36,1.06,...,...,...,-15.86,Tuesday,Tuesday,2018/12/04
565592,506,Naked Brand Group,NAKD,1.22,1.27,1.22,1.26,0.04,3.28,"98,601",11.36,1.06,...,...,...,-13.10,Thursday,Thursday,2018/12/06
565593,492,Naked Brand Group,NAKD,1.26,1.31,1.15,1.15,-0.11,-8.73,"274,933",11.36,1.06,...,...,...,-20.69,Friday,Friday,2018/12/07
565594,511,Naked Brand Group,NAKD,1.16,1.21,1.05,1.08,-0.07,-6.09,"277,702",11.36,1.05,...,...,...,-25.52,Monday,Monday,2018/12/10
565595,503,Naked Brand Group,NAKD,1.10,1.10,0.93,0.96,-0.12,-11.11,"370,281",11.36,0.93,...,...,...,-33.79,Tuesday,Tuesday,2018/12/11
565596,513,Naked Brand Group,NAKD,0.96,0.96,0.9,0.95,-0.01,-1.00,"105,263",11.36,0.90,...,...,...,-34.46,Wednesday,Wednesday,2018/12/12
565597,501,Naked Brand Group,NAKD,0.97,1.00,0.86,0.86,-0.09,-9.51,"250,893",11.36,0.86,...,...,...,-40.69,Thursday,Thursday,2018/12/13
565598,498,Naked Brand Group,NAKD,0.85,1.20,0.83,0.83,-0.03,-3.02,"747,478",11.36,0.83,...,...,...,-42.48,Friday,Friday,2018/12/14
565599,506,Naked Brand Group,NAKD,0.88,0.97,0.88,0.93,0.10,11.63,"220,490",11.36,0.83,...,...,...,-35.79,Monday,Monday,2018/12/17
565600,496,Naked Brand Group,NAKD,0.92,1.11,0.92,1.01,0.08,8.49,"361,875",11.36,0.83,...,...,...,-30.34,Tuesday,Tuesday,2018/12/18
565601,502,Naked Brand Group,NAKD,0.99,1.1,0.98,1.1,0.09,8.91,"158,465",11.36,0.83,...,...,...,-24.14,Wednesday,Wednesday,2018/12/19
565602,522,Naked Brand Group,NAKD,1.00,1.00,0.73,0.82,-0.28,-25.35,"316,735",11.36,0.73,...,...,...,-43.37,Thursday,Thursday,2018/12/20
565603,521,Naked Brand Group,NAKD,0.80,1.00,0.77,1.0,0.18,21.77,"308,487",11.36,0.73,...,...,...,-31.03,Friday,Friday,2018/12/21
565604,490,Naked Brand Group,NAKD,0.89,0.95,0.88,0.91,-0.09,-9.00,"23,295",11.36,0.73,...,...,...,-37.24,Monday,Monday,2018/12/24
565605,512,Naked Brand Group,NAKD,0.88,0.93,0.81,0.88,-0.03,-3.57,"59,557",11.36,0.73,...,...,...,-39.48,Wednesday,Wednesday,2018/12/26
565606,495,Naked Brand Group,NAKD,0.86,0.88,0.83,0.84,-0.03,-3.70,"49,923",11.36,0.73,...,...,...,-41.72,Thursday,Thursday,2018/12/27
565607,506,Naked Brand Group,NAKD,0.85,0.85,0.73,0.83,-0.01,-1.76,"106,085",11.36,0.73,...,...,...,-42.75,Friday,Friday,2018/12/28
565608,527,Naked Brand Group,NAKD,0.82,0.9,0.82,0.84,0.01,0.80,"61,490",11.36,0.73,...,...,...,-42.30,Monday,Monday,2018/12/31
565609,496,Naked Brand Group,NAKD,0.88,0.89,0.84,0.84,0.01,0.63,"63,611",11.36,0.73,...,...,...,0.63,Wednesday,Wednesday,2019/01/02
565610,483,Naked Brand Group,NAKD,0.85,0.88,0.79,0.81,-0.03,-3.21,"137,956",11.36,0.73,...,...,...,-2.59,Thursday,Thursday,2019/01/03
565611,508,Naked Brand Group,NAKD,0.82,0.88,0.77,0.84,0.02,2.61,"253,938",11.36,0.73,...,...,...,-0.05,Friday,Friday,2019/01/04
565612,499,Naked Brand Group,NAKD,0.88,0.88,0.81,0.84,-0.00,-0.07,"87,866",11.36,0.73,...,...,...,-0.12,Monday,Monday,2019/01/07
565613,506,Naked Brand Group,NAKD,0.87,0.87,0.8,0.83,-0.01,-0.67,"112,160",11.36,0.73,...,...,...,-0.79,Tuesday,Tuesday,2019/01/08
565614,506,Naked Brand Group,NAKD,0.85,0.85,0.8,0.8,-0.03,-3.24,"122,342",11.36,0.73,...,...,...,-4.00,Wednesday,Wednesday,2019/01/09
565615,493,Naked Brand Group,NAKD,0.81,0.84,0.78,0.84,0.04,4.58,"111,668",11.36,0.73,...,...,...,0.39,Thursday,Thursday,2019/01/10
565616,492,Naked Brand Group,NAKD,0.82,0.87,0.79,0.81,-0.03,-3.57,"154,611",11.36,0.73,...,...,...,-3.19,Friday,Friday,2019/01/11
565617,489,Naked Brand Group,NAKD,0.81,0.84,0.77,0.78,-0.04,-4.32,"116,575",11.36,0.73,...,...,...,-7.37,Monday,Monday,2019/01/14
565618,508,Naked Brand Group,NAKD,0.8,0.93,0.77,0.92,0.15,18.71,"301,667",11.36,0.73,...,...,...,9.96,Tuesday,Tuesday,2019/01/15
565619,509,Naked Brand Group,NAKD,0.93,0.93,0.83,0.84,-0.08,-8.68,"70,811",11.36,0.73,...,...,...,0.41,Wednesday,Wednesday,2019/01/16
565620,503,Naked Brand Group,NAKD,0.86,0.88,0.85,0.85,0.01,1.55,"43,961",11.36,0.73,...,...,...,1.96,Thursday,Thursday,2019/01/17
565621,511,Naked Brand Group,NAKD,0.88,0.88,0.82,0.83,-0.02,-2.71,"66,485",11.36,0.73,...,...,...,-0.80,Friday,Friday,2019/01/18
565622,507,Naked Brand Group,NAKD,0.84,0.87,0.83,0.83,...,...,"26,865",11.36,0.73,...,...,...,-0.80,Tuesday,Tuesday,2019/01/22
565623,502,Naked Brand Group,NAKD,0.83,0.85,0.8,0.81,-0.02,-2.20,"29,940",11.36,0.73,...,...,...,-2.99,Wednesday,Wednesday,2019/01/23
565624,487,Naked Brand Group,NAKD,0.80,0.84,0.8,0.83,0.02,2.25,"13,710",11.36,0.73,...,...,...,-0.80,Thursday,Thursday,2019/01/24
565625,494,Naked Brand Group,NAKD,0.81,0.83,0.79,0.82,-0.01,-1.33,"77,342",11.36,0.73,...,...,...,-2.12,Friday,Friday,2019/01/25
