,Unnamed: 0,Name,Symbol,Open,High,Low,Close,Net Chg,% Chg,Volume,52 Wk High,52 Wk Low,Div,Yield,P/E,YTD % Chg,Stock,day,date
668389,1359,Provident Financial Holdings,PROV,18.03,18.3,17.99,18.09,-0.01,-0.06,"12,142",20.35,17.62,0.56,3.10,139.15,-1.68,Thursday,Thursday,2018/03/29
668390,1339,Provident Financial Holdings,PROV,18.37,18.37,18.1,18.14,-0.18,-0.98,"7,361",20.35,17.62,0.56,3.09,139.54,-1.41,Wednesday,Wednesday,2018/04/11
668391,1343,Provident Financial Holdings,PROV,18.2,18.27,18.05,18.06,-0.08,-0.44,"12,913",20.35,17.62,0.56,3.10,138.92,-1.85,Thursday,Thursday,2018/04/12
668392,1347,Provident Financial Holdings,PROV,18.23,18.43,18.2,18.36,0.22,1.21,"6,798",20.35,17.62,0.56,3.05,141.23,-0.22,Tuesday,Tuesday,2018/04/17
668393,1351,Provident Financial Holdings,PROV,18.39,18.43,18.17,18.26,-0.10,-0.54,"12,884",20.35,17.62,0.56,3.07,140.46,-0.76,Wednesday,Wednesday,2018/04/18
668394,1353,Provident Financial Holdings,PROV,18.19,18.74,18.19,18.43,0.17,0.93,"6,605",20.35,17.62,0.56,3.04,141.77,0.16,Thursday,Thursday,2018/04/19
668395,1351,Provident Financial Holdings,PROV,18.35,18.61,18.2,18.35,-0.08,-0.43,"7,934",20.35,17.62,0.56,3.05,141.15,-0.27,Friday,Friday,2018/04/20
668396,1349,Provident Financial Holdings,PROV,18.02,18.35,18.02,18.16,0.04,0.22,"7,088",20.35,17.62,0.56,3.08,139.69,-1.30,Tuesday,Tuesday,2018/04/24
668397,1353,Provident Financial Holdings,PROV,18.01,18.53,18.01,18.15,-0.01,-0.06,"6,550",20.35,17.62,0.56,3.09,139.62,-1.36,Wednesday,Wednesday,2018/04/25
668398,1350,Provident Financial Holdings,PROV,18.11,18.4,18.11,18.26,-0.07,-0.38,"3,229",20.35,17.62,0.56,3.07,83.00,-0.76,Friday,Friday,2018/04/27
668399,1352,Provident Financial Holdings,PROV,18.25,18.56,18.19,18.35,0.09,0.49,"4,278",20.35,17.62,0.56,3.05,83.41,-0.27,Monday,Monday,2018/04/30
668400,1349,Provident Financial Holdings,PROV,18.01,18.45,18.01,18.28,-0.07,-0.38,"3,296",20.35,17.62,0.56,3.06,83.09,-0.65,Tuesday,Tuesday,2018/05/01
668401,1343,Provident Financial Holdings,PROV,18.2,18.25,18.03,18.2,-0.04,-0.22,"9,807",20.35,17.62,0.56,3.08,82.73,-1.09,Thursday,Thursday,2018/05/03
668402,1348,Provident Financial Holdings,PROV,18.15,18.38,18.15,18.37,0.17,0.93,"16,421",20.35,17.62,0.56,3.05,83.50,-0.16,Friday,Friday,2018/05/04
668403,1353,Provident Financial Holdings,PROV,18.41,18.46,18.23,18.23,-0.14,-0.76,"11,206",20.35,17.62,0.56,3.07,82.86,-0.92,Monday,Monday,2018/05/07
668404,1353,Provident Financial Holdings,PROV,18.37,18.43,18.25,18.29,0.06,0.33,"8,183",20.35,17.62,0.56,3.06,83.14,-0.60,Tuesday,Tuesday,2018/05/08
668405,1357,Provident Financial Holdings,PROV,18.35,18.74,18.24,18.46,0.17,0.93,"6,827",20.35,17.62,0.56,3.03,83.91,0.33,Wednesday,Wednesday,2018/05/09
668406,1346,Provident Financial Holdings,PROV,18.46,18.5,18.29,18.42,-0.04,-0.22,"5,494",20.35,17.62,0.56,3.04,83.73,0.11,Thursday,Thursday,2018/05/10
668407,1355,Provident Financial Holdings,PROV,18.54,18.54,18.36,18.43,0.01,0.05,"4,186",20.35,17.62,0.56,3.04,83.77,0.16,Friday,Friday,2018/05/11
668408,1356,Provident Financial Holdings,PROV,18.31,18.31,18.24,18.28,-0.15,-0.81,"18,668",20.35,17.62,0.56,3.06,83.09,-0.65,Monday,Monday,2018/05/14
668409,1353,Provident Financial Holdings,PROV,18.14,18.5,18.14,18.47,0.19,1.04,"7,114",20.35,17.62,0.56,3.03,83.95,0.38,Tuesday,Tuesday,2018/05/15
668410,1360,Provident Financial Holdings,PROV,18.43,18.43,18.16,18.21,-0.12,-0.65,"18,784",20.35,17.62,0.56,3.08,82.77,-1.03,Wednesday,Wednesday,2018/05/16
668411,1355,Provident Financial Holdings,PROV,18.18,18.34,18.17,18.25,0.04,0.19,"14,745",20.35,17.62,0.56,3.07,82.93,-0.84,Thursday,Thursday,2018/05/17
668412,1355,Provident Financial Holdings,PROV,18.27,18.37,18.19,18.29,0.04,0.25,"15,418",20.35,17.62,0.56,3.06,83.14,-0.60,Friday,Friday,2018/05/18
668413,1354,Provident Financial Holdings,PROV,18.24,18.35,18.24,18.27,-0.02,-0.11,"8,477",20.35,17.62,0.56,3.07,83.05,-0.71,Monday,Monday,2018/05/21
668414,1356,Provident Financial Holdings,PROV,18.32,18.36,18.2,18.25,-0.02,-0.11,"8,030",20.35,17.62,0.56,3.07,82.95,-0.82,Tuesday,Tuesday,2018/05/22
668415,1350,Provident Financial Holdings,PROV,18.34,18.34,18.17,18.27,0.02,0.11,"7,497",20.35,17.62,0.56,3.07,83.05,-0.71,Wednesday,Wednesday,2018/05/23
668416,1353,Provident Financial Holdings,PROV,18.18,18.35,18.15,18.24,-0.03,-0.16,"10,363",20.35,17.62,0.56,3.07,82.91,-0.87,Thursday,Thursday,2018/05/24
668417,1358,Provident Financial Holdings,PROV,18.32,18.32,18.19,18.26,0.02,0.11,"25,599",20.35,17.62,0.56,3.07,83.00,-0.76,Friday,Friday,2018/05/25
668418,1353,Provident Financial Holdings,PROV,18.18,18.37,18.18,18.22,-0.04,-0.22,"10,388",20.35,17.62,0.56,3.07,82.82,-0.98,Tuesday,Tuesday,2018/05/29
668419,1359,Provident Financial Holdings,PROV,18.45,18.54,18.25,18.37,0.15,0.82,"25,583",20.35,17.62,0.56,3.05,83.50,-0.16,Wednesday,Wednesday,2018/05/30
668420,1351,Provident Financial Holdings,PROV,18.5,18.85,18.26,18.35,-0.02,-0.11,"19,317",20.35,17.62,0.56,3.05,83.41,-0.27,Thursday,Thursday,2018/05/31
668421,1361,Provident Financial Holdings,PROV,18.52,18.52,18.26,18.37,0.02,0.11,"12,385",20.35,17.62,0.56,3.05,83.50,-0.16,Friday,Friday,2018/06/01
668422,1361,Provident Financial Holdings,PROV,18.54,18.69,18.28,18.48,0.11,0.60,"6,020",20.35,17.62,0.56,3.03,84.00,0.43,Monday,Monday,2018/06/04
668423,1358,Provident Financial Holdings,PROV,18.76,18.76,18.26,18.37,-0.11,-0.60,"6,756",20.35,17.62,0.56,3.05,83.50,-0.16,Tuesday,Tuesday,2018/06/05
668424,1368,Provident Financial Holdings,PROV,18.31,18.68,18.31,18.35,-0.02,-0.11,"12,607",20.35,17.62,0.56,3.05,83.41,-0.27,Wednesday,Wednesday,2018/06/06
668425,1365,Provident Financial Holdings,PROV,18.36,18.47,18.3,18.46,0.11,0.60,"10,961",20.35,17.62,0.56,3.03,83.91,0.33,Thursday,Thursday,2018/06/07
668426,1362,Provident Financial Holdings,PROV,18.45,18.48,18.36,18.43,-0.03,-0.16,"9,188",20.35,17.62,0.56,3.04,83.77,0.16,Friday,Friday,2018/06/08
668427,1361,Provident Financial Holdings,PROV,18.45,18.59,18.34,18.4,-0.03,-0.16,"15,825",20.35,17.62,0.56,3.04,83.64,...,Monday,Monday,2018/06/11
668428,1357,Provident Financial Holdings,PROV,18.34,18.48,18.16,18.22,-0.18,-0.98,"18,245",20.35,17.62,0.56,3.07,82.82,-0.98,Tuesday,Tuesday,2018/06/12
668429,1359,Provident Financial Holdings,PROV,18.19,18.36,18.13,18.3,0.08,0.44,"18,165",20.12,17.62,0.56,3.06,83.18,-0.54,Wednesday,Wednesday,2018/06/13
668430,1360,Provident Financial Holdings,PROV,18.27,18.31,18.14,18.3,...,...,"6,178",20.0,17.62,0.56,3.06,83.18,-0.54,Thursday,Thursday,2018/06/14
668431,1357,Provident Financial Holdings,PROV,18.2,18.37,18.02,18.03,-0.27,-1.48,"24,399",20.00,17.62,0.56,3.11,81.95,-2.01,Friday,Friday,2018/06/15
668432,1358,Provident Financial Holdings,PROV,18.04,18.17,18.0,18.04,0.01,0.06,"19,547",20.00,17.62,0.56,3.10,82.00,-1.96,Monday,Monday,2018/06/18
668433,1354,Provident Financial Holdings,PROV,18.02,18.24,17.94,18.21,0.17,0.94,"31,266",20.0,17.62,0.56,3.08,82.77,-1.03,Tuesday,Tuesday,2018/06/19
668434,1353,Provident Financial Holdings,PROV,18.21,18.43,18.19,18.35,0.14,0.77,"49,245",20.00,17.62,0.56,3.05,83.41,-0.27,Wednesday,Wednesday,2018/06/20
668435,1360,Provident Financial Holdings,PROV,18.38,19.0,18.38,18.85,0.50,2.72,"55,683",20.0,17.62,0.56,2.97,85.68,2.45,Thursday,Thursday,2018/06/21
668436,1365,Provident Financial Holdings,PROV,18.84,18.95,18.49,18.53,-0.32,-1.70,"510,261",20.0,17.62,0.56,3.02,84.23,0.71,Friday,Friday,2018/06/22
668437,1362,Provident Financial Holdings,PROV,18.99,19.25,18.75,18.77,0.24,1.30,"29,347",20.0,17.62,0.56,2.98,85.32,2.01,Monday,Monday,2018/06/25
668438,1359,Provident Financial Holdings,PROV,18.88,19.57,18.78,19.3,0.53,2.82,"23,635",20.0,17.62,0.56,2.90,87.73,4.89,Tuesday,Tuesday,2018/06/26
668439,1364,Provident Financial Holdings,PROV,19.54,19.54,18.81,19.16,-0.14,-0.73,"15,298",20.00,17.62,0.56,2.92,87.09,4.13,Wednesday,Wednesday,2018/06/27
668440,1370,Provident Financial Holdings,PROV,19.25,19.43,19.08,19.35,0.19,0.99,"11,969",20.00,17.62,0.56,2.89,87.95,5.16,Thursday,Thursday,2018/06/28
668441,1374,Provident Financial Holdings,PROV,19.34,19.78,19.03,19.08,-0.27,-1.40,"9,276",20.00,17.62,0.56,2.94,86.73,3.70,Friday,Friday,2018/06/29
668442,1371,Provident Financial Holdings,PROV,19.07,19.44,18.63,19.24,0.16,0.84,"20,168",20.0,17.62,0.56,2.91,87.45,4.57,Monday,Monday,2018/07/02
668443,1357,Provident Financial Holdings,PROV,19.23,19.23,18.57,18.8,-0.44,-2.29,"6,861",20.0,17.62,0.56,2.98,85.45,2.17,Tuesday,Tuesday,2018/07/03
668444,1366,Provident Financial Holdings,PROV,18.56,19.24,18.36,19.06,0.26,1.38,"17,541",20.0,17.62,0.56,2.94,86.64,3.59,Thursday,Thursday,2018/07/05
668445,1365,Provident Financial Holdings,PROV,19.07,19.24,18.8,19.19,0.13,0.68,"9,047",20.0,17.62,0.56,2.92,87.23,4.29,Friday,Friday,2018/07/06
668446,1363,Provident Financial Holdings,PROV,19.18,19.24,18.65,18.84,-0.35,-1.82,"5,650",20.0,17.62,0.56,2.97,85.64,2.39,Monday,Monday,2018/07/09
668447,1369,Provident Financial Holdings,PROV,18.88,18.92,18.51,18.65,-0.19,-1.01,"4,892",20.0,17.62,0.56,3.00,84.77,1.36,Tuesday,Tuesday,2018/07/10
668448,1358,Provident Financial Holdings,PROV,18.46,18.83,18.45,18.63,-0.02,-0.11,"6,836",20.0,17.62,0.56,3.01,84.68,1.25,Wednesday,Wednesday,2018/07/11
668449,1361,Provident Financial Holdings,PROV,18.65,18.92,18.48,18.64,0.01,0.05,"8,851",20.0,17.62,0.56,3.00,84.73,1.30,Thursday,Thursday,2018/07/12
668450,1356,Provident Financial Holdings,PROV,19.06,19.06,18.5,18.89,0.25,1.34,"5,597",20.0,17.62,0.56,2.96,85.86,2.66,Friday,Friday,2018/07/13
668451,1359,Provident Financial Holdings,PROV,18.9,18.92,18.41,18.87,-0.02,-0.11,"7,144",20.0,17.62,0.56,2.97,85.77,2.55,Monday,Monday,2018/07/16
668452,1357,Provident Financial Holdings,PROV,18.83,18.83,18.41,18.55,-0.32,-1.70,"6,231",20.0,17.62,0.56,3.02,84.32,0.81,Tuesday,Tuesday,2018/07/17
668453,1364,Provident Financial Holdings,PROV,18.44,18.52,18.4,18.47,-0.08,-0.43,"7,424",20.0,17.62,0.56,3.03,83.95,0.38,Wednesday,Wednesday,2018/07/18
668454,1370,Provident Financial Holdings,PROV,18.46,18.64,18.39,18.42,-0.05,-0.27,"5,562",20.00,17.62,0.56,3.04,83.73,0.11,Thursday,Thursday,2018/07/19
668455,1361,Provident Financial Holdings,PROV,18.46,18.67,18.42,18.42,...,...,"4,009",20.0,17.62,0.56,3.04,83.73,0.11,Friday,Friday,2018/07/20
668456,1364,Provident Financial Holdings,PROV,18.41,18.55,18.41,18.52,0.10,0.54,"5,337",20.0,17.62,0.56,3.02,84.18,0.65,Monday,Monday,2018/07/23
668457,1370,Provident Financial Holdings,PROV,18.56,18.72,18.4,18.4,-0.12,-0.65,"5,770",20.0,17.62,0.56,3.04,83.64,...,Tuesday,Tuesday,2018/07/24
668458,1361,Provident Financial Holdings,PROV,18.62,18.62,18.21,18.5,0.10,0.54,"18,123",20.0,17.62,0.56,3.03,84.09,0.54,Wednesday,Wednesday,2018/07/25
668459,1368,Provident Financial Holdings,PROV,18.34,18.6,18.32,18.5,...,...,"11,021",20.00,17.62,0.56,3.03,84.09,0.54,Thursday,Thursday,2018/07/26
668460,1372,Provident Financial Holdings,PROV,18.4,18.55,18.4,18.42,-0.08,-0.43,"16,849",20.0,17.62,0.56,3.04,83.73,0.11,Friday,Friday,2018/07/27
668461,1373,Provident Financial Holdings,PROV,18.3,18.9,18.3,18.33,-0.09,-0.49,"12,346",20.0,17.62,0.56,3.06,83.32,-0.38,Monday,Monday,2018/07/30
668462,1371,Provident Financial Holdings,PROV,18.43,18.77,18.37,18.55,0.22,1.20,"6,292",20.0,17.62,0.56,3.02,66.25,0.82,Tuesday,Tuesday,2018/07/31
668463,1368,Provident Financial Holdings,PROV,18.74,18.74,18.74,18.74,0.19,1.02,846,20.0,17.62,0.56,2.99,66.93,1.85,Wednesday,Wednesday,2018/08/01
668464,1370,Provident Financial Holdings,PROV,18.66,18.66,18.41,18.43,-0.31,-1.65,"4,490",20.00,17.62,0.56,3.04,65.82,0.16,Thursday,Thursday,2018/08/02
668465,1367,Provident Financial Holdings,PROV,18.58,18.58,18.31,18.31,-0.12,-0.65,"11,007",20.00,17.62,0.56,3.06,65.39,-0.49,Friday,Friday,2018/08/03
668466,1363,Provident Financial Holdings,PROV,18.3,18.5,18.18,18.5,0.19,1.04,"17,552",20.0,17.62,0.56,3.03,66.07,0.54,Monday,Monday,2018/08/06
668467,1363,Provident Financial Holdings,PROV,18.41,18.62,18.32,18.32,-0.18,-0.97,"2,354",20.0,17.62,0.56,3.06,65.43,-0.43,Tuesday,Tuesday,2018/08/07
668468,1364,Provident Financial Holdings,PROV,18.58,18.58,18.33,18.33,0.01,0.05,944,20.0,17.62,0.56,3.06,65.46,-0.38,Wednesday,Wednesday,2018/08/08
668469,1365,Provident Financial Holdings,PROV,18.27,18.68,18.26,18.54,0.21,1.16,"2,210",20.0,17.62,0.56,3.02,66.22,0.77,Thursday,Thursday,2018/08/09
668470,1366,Provident Financial Holdings,PROV,18.4,18.41,18.16,18.16,-0.38,-2.06,"2,860",20.00,17.62,0.56,3.08,64.86,-1.30,Friday,Friday,2018/08/10
668471,1376,Provident Financial Holdings,PROV,18.2,18.24,18.1,18.15,-0.01,-0.06,"11,128",20.00,17.62,0.56,3.09,64.82,-1.36,Monday,Monday,2018/08/13
668472,1372,Provident Financial Holdings,PROV,18.27,18.61,18.1,18.35,0.20,1.10,"2,304",20.0,17.62,0.56,3.05,65.54,-0.27,Tuesday,Tuesday,2018/08/14
668473,1365,Provident Financial Holdings,PROV,18.32,18.39,18.32,18.39,0.04,0.22,558,20.0,17.62,0.56,3.05,65.68,-0.05,Wednesday,Wednesday,2018/08/15
668474,1368,Provident Financial Holdings,PROV,18.16,18.41,18.1,18.41,0.02,0.11,"3,534",20.0,17.62,0.56,3.04,65.75,0.05,Thursday,Thursday,2018/08/16
668475,1367,Provident Financial Holdings,PROV,18.28,18.43,18.15,18.43,0.02,0.11,"5,365",20.0,17.62,0.56,3.04,65.82,0.16,Friday,Friday,2018/08/17
668476,1372,Provident Financial Holdings,PROV,18.4,18.41,18.04,18.2,-0.09,-0.49,"3,456",20.0,17.62,0.56,3.08,65.00,-1.09,Monday,Monday,2018/08/20
668477,1370,Provident Financial Holdings,PROV,18.2,18.25,18.17,18.22,0.02,0.11,"2,835",20.0,17.62,0.56,3.07,65.07,-0.98,Tuesday,Tuesday,2018/08/21
668478,1359,Provident Financial Holdings,PROV,18.03,18.13,18.03,18.1,-0.12,-0.66,"6,842",20.0,17.62,0.56,3.09,64.64,-1.63,Wednesday,Wednesday,2018/08/22
668479,1360,Provident Financial Holdings,PROV,18.05,18.05,18.04,18.04,-0.06,-0.33,814,20.0,17.62,0.56,3.10,64.43,-1.96,Thursday,Thursday,2018/08/23
668480,1364,Provident Financial Holdings,PROV,18.03,18.18,18.01,18.01,-0.03,-0.17,"1,665",20.0,17.62,0.56,3.11,64.32,-2.12,Friday,Friday,2018/08/24
668481,1373,Provident Financial Holdings,PROV,18.01,18.33,18.01,18.01,...,...,"7,699",20.0,17.62,0.56,3.11,64.32,-2.12,Monday,Monday,2018/08/27
668482,1369,Provident Financial Holdings,PROV,18.02,18.05,18.0,18.02,0.01,0.06,"3,951",20.0,17.62,0.56,3.11,64.36,-2.07,Tuesday,Tuesday,2018/08/28
668483,1370,Provident Financial Holdings,PROV,18.03,18.04,18.03,18.03,0.01,0.06,"5,084",20.00,17.62,0.56,3.11,64.39,-2.01,Wednesday,Wednesday,2018/08/29
668484,1368,Provident Financial Holdings,PROV,18.03,18.18,18.03,18.1,0.07,0.39,"3,429",20.00,17.62,0.56,3.09,64.64,-1.63,Thursday,Thursday,2018/08/30
668485,1368,Provident Financial Holdings,PROV,18.1,18.54,18.1,18.4,0.30,1.66,"14,432",20.0,17.62,0.56,3.04,65.71,...,Friday,Friday,2018/08/31
668486,1372,Provident Financial Holdings,PROV,18.26,18.6,18.02,18.02,-0.38,-2.07,"12,109",20.0,17.62,0.56,3.11,64.36,-2.07,Tuesday,Tuesday,2018/09/04
668487,1367,Provident Financial Holdings,PROV,18.01,18.15,18.01,18.05,0.03,0.17,"5,959",20.0,17.62,0.56,3.10,64.46,-1.90,Wednesday,Wednesday,2018/09/05
668488,1370,Provident Financial Holdings,PROV,18.01,18.13,17.86,17.86,-0.19,-1.05,"21,919",20.0,17.62,0.56,3.14,63.79,-2.93,Thursday,Thursday,2018/09/06
668489,1371,Provident Financial Holdings,PROV,17.85,18.12,17.85,18.07,0.21,1.18,"22,267",20.0,17.62,0.56,3.10,64.54,-1.79,Friday,Friday,2018/09/07
668490,1368,Provident Financial Holdings,PROV,18.02,18.12,17.91,18.01,-0.06,-0.33,"7,759",20.0,17.62,0.56,3.11,64.32,-2.12,Monday,Monday,2018/09/10
668491,1372,Provident Financial Holdings,PROV,18.12,18.12,17.21,18.04,0.03,0.17,"48,057",20.00,17.21,0.56,3.10,64.43,-1.96,Tuesday,Tuesday,2018/09/11
668492,1372,Provident Financial Holdings,PROV,17.98,18.07,17.94,17.95,-0.09,-0.50,"3,031",20.0,17.21,0.56,3.12,64.11,-2.45,Wednesday,Wednesday,2018/09/12
668493,1370,Provident Financial Holdings,PROV,17.95,18.08,17.95,17.99,0.04,0.22,"13,397",20.00,17.21,0.56,3.11,64.25,-2.23,Thursday,Thursday,2018/09/13
668494,1377,Provident Financial Holdings,PROV,18.07,18.18,17.97,18.14,0.15,0.83,"4,513",20.00,17.21,0.56,3.09,64.79,-1.41,Friday,Friday,2018/09/14
668495,1373,Provident Financial Holdings,PROV,18.09,18.19,18.09,18.1,-0.04,-0.22,"6,198",20.00,17.21,0.56,3.09,64.64,-1.63,Monday,Monday,2018/09/17
668496,1366,Provident Financial Holdings,PROV,18.18,18.18,17.96,18.02,-0.08,-0.44,"3,396",20.0,17.21,0.56,3.11,64.36,-2.07,Tuesday,Tuesday,2018/09/18
668497,1368,Provident Financial Holdings,PROV,17.96,18.47,17.96,18.31,0.29,1.61,"9,982",20.00,17.21,0.56,3.06,65.39,-0.49,Wednesday,Wednesday,2018/09/19
668498,1378,Provident Financial Holdings,PROV,18.45,18.62,18.17,18.36,0.05,0.27,"7,522",20.00,17.21,0.56,3.05,65.57,-0.22,Thursday,Thursday,2018/09/20
668499,1374,Provident Financial Holdings,PROV,18.24,18.44,18.2,18.35,-0.01,-0.05,"14,613",20.0,17.21,0.56,3.05,65.54,-0.27,Friday,Friday,2018/09/21
668500,1370,Provident Financial Holdings,PROV,18.24,18.53,18.24,18.3,-0.05,-0.27,"4,972",20.0,17.21,0.56,3.06,65.36,-0.54,Monday,Monday,2018/09/24
668501,1370,Provident Financial Holdings,PROV,18.24,18.49,18.2,18.36,0.06,0.33,"7,588",20.00,17.21,0.56,3.05,65.57,-0.22,Tuesday,Tuesday,2018/09/25
668502,1372,Provident Financial Holdings,PROV,18.41,18.52,18.4,18.4,0.04,0.22,"2,394",20.00,17.21,0.56,3.04,65.71,...,Wednesday,Wednesday,2018/09/26
668503,1367,Provident Financial Holdings,PROV,18.41,18.54,18.4,18.41,0.01,0.05,"5,766",19.99,17.21,0.56,3.04,65.75,0.05,Thursday,Thursday,2018/09/27
668504,1380,Provident Financial Holdings,PROV,18.22,18.46,18.21,18.3,-0.11,-0.60,"7,616",19.99,17.21,0.56,3.06,65.36,-0.54,Friday,Friday,2018/09/28
668505,1374,Provident Financial Holdings,PROV,18.08,18.49,18.08,18.17,-0.13,-0.71,"2,296",19.99,17.21,0.56,3.08,64.89,-1.25,Monday,Monday,2018/10/01
668506,1371,Provident Financial Holdings,PROV,18.16,18.16,17.96,17.96,-0.21,-1.16,"7,387",19.98,17.21,0.56,3.12,64.14,-2.39,Tuesday,Tuesday,2018/10/02
668507,1372,Provident Financial Holdings,PROV,18.01,18.34,18.0,18.05,0.09,0.50,"4,027",19.98,17.21,0.56,3.10,64.46,-1.90,Wednesday,Wednesday,2018/10/03
668508,1374,Provident Financial Holdings,PROV,18.03,18.35,18.01,18.05,...,...,"1,805",19.98,17.21,0.56,3.10,64.46,-1.90,Thursday,Thursday,2018/10/04
668509,1368,Provident Financial Holdings,PROV,18.1,18.1,18.05,18.1,0.05,0.28,"5,490",19.98,17.21,0.56,3.09,64.64,-1.63,Friday,Friday,2018/10/05
668510,1370,Provident Financial Holdings,PROV,18.3,18.3,18.06,18.1,...,...,"1,937",19.98,17.21,0.56,3.09,64.64,-1.63,Monday,Monday,2018/10/08
668511,1377,Provident Financial Holdings,PROV,18.12,18.23,18.0,18.1,...,...,"5,011",19.98,17.21,0.56,3.09,64.64,-1.63,Tuesday,Tuesday,2018/10/09
668512,1380,Provident Financial Holdings,PROV,18.0,18.32,18.0,18.1,...,...,"7,877",19.98,17.21,0.56,3.09,64.64,-1.63,Wednesday,Wednesday,2018/10/10
668513,1374,Provident Financial Holdings,PROV,18.05,18.22,18.01,18.1,...,...,"4,871",19.98,17.21,0.56,3.09,64.64,-1.63,Thursday,Thursday,2018/10/11
668514,1371,Provident Financial Holdings,PROV,18.12,18.13,18.02,18.1,...,...,"7,781",19.85,17.21,0.56,3.09,64.64,-1.63,Friday,Friday,2018/10/12
668515,1376,Provident Financial Holdings,PROV,18.21,18.52,18.06,18.1,...,...,"9,778",19.85,17.21,0.56,3.09,64.64,-1.63,Monday,Monday,2018/10/15
668516,1379,Provident Financial Holdings,PROV,18.16,18.3,17.96,18.05,-0.05,-0.28,"4,347",19.85,17.21,0.56,3.10,64.46,-1.90,Tuesday,Tuesday,2018/10/16
668517,1378,Provident Financial Holdings,PROV,17.97,18.1,17.95,18.01,-0.04,-0.22,"5,817",19.85,17.21,0.56,3.11,64.32,-2.12,Wednesday,Wednesday,2018/10/17
668518,1372,Provident Financial Holdings,PROV,18.01,18.01,17.6,17.75,-0.26,-1.44,"14,090",19.85,17.21,0.56,3.15,63.39,-3.53,Thursday,Thursday,2018/10/18
668519,1376,Provident Financial Holdings,PROV,18.25,18.25,17.6,17.6,-0.15,-0.85,891,19.85,17.21,0.56,3.18,62.86,-4.35,Friday,Friday,2018/10/19
668520,1374,Provident Financial Holdings,PROV,17.6,17.92,17.57,17.58,-0.02,-0.11,"3,198",19.85,17.21,0.56,3.19,62.79,-4.46,Monday,Monday,2018/10/22
668521,1381,Provident Financial Holdings,PROV,17.6,17.7,17.7,17.7,0.12,0.68,331,19.85,17.21,0.56,3.16,63.21,-3.80,Tuesday,Tuesday,2018/10/23
668522,1375,Provident Financial Holdings,PROV,17.5,17.5,17.11,17.11,-0.59,-3.33,"2,335",19.85,17.11,0.56,3.27,61.11,-7.01,Wednesday,Wednesday,2018/10/24
668523,1379,Provident Financial Holdings,PROV,17.05,17.17,17.0,17.01,-0.10,-0.58,"3,869",19.85,17.00,0.56,3.29,60.75,-7.55,Thursday,Thursday,2018/10/25
668524,1380,Provident Financial Holdings,PROV,17.0,17.0,16.76,16.8,-0.21,-1.23,"2,400",19.85,16.76,0.56,3.33,60.00,-8.70,Friday,Friday,2018/10/26
668525,1379,Provident Financial Holdings,PROV,16.78,17.56,16.7,17.0,0.20,1.19,"4,781",19.78,16.70,0.56,3.29,60.71,-7.61,Monday,Monday,2018/10/29
668526,1378,Provident Financial Holdings,PROV,16.95,17.32,16.95,17.26,0.26,1.53,892,19.78,16.70,0.56,3.24,31.38,-6.20,Tuesday,Tuesday,2018/10/30
668527,1381,Provident Financial Holdings,PROV,17.3,17.65,17.25,17.3,0.04,0.23,"19,249",19.78,16.70,0.56,3.24,31.45,-5.98,Wednesday,Wednesday,2018/10/31
668528,1378,Provident Financial Holdings,PROV,17.33,17.38,17.25,17.34,0.04,0.23,"3,059",19.78,16.70,0.56,3.23,31.53,-5.76,Thursday,Thursday,2018/11/01
668529,1378,Provident Financial Holdings,PROV,17.35,17.79,17.35,17.5,0.16,0.92,"6,456",19.78,16.70,0.56,3.20,31.82,-4.89,Friday,Friday,2018/11/02
668530,1380,Provident Financial Holdings,PROV,17.24,17.6,17.24,17.32,-0.18,-1.03,"2,383",19.78,16.70,0.56,3.23,31.49,-5.87,Monday,Monday,2018/11/05
668531,1374,Provident Financial Holdings,PROV,17.31,17.5,17.26,17.5,0.18,1.01,"4,708",19.78,16.70,0.56,3.20,31.81,-4.92,Tuesday,Tuesday,2018/11/06
668532,1374,Provident Financial Holdings,PROV,17.35,17.62,17.32,17.34,-0.16,-0.89,"12,739",19.78,16.70,0.56,3.23,31.53,-5.76,Thursday,Thursday,2018/11/08
668533,1371,Provident Financial Holdings,PROV,17.65,17.65,17.31,17.43,0.09,0.49,"3,499",19.78,16.70,0.56,3.21,31.68,-5.30,Friday,Friday,2018/11/09
668534,1370,Provident Financial Holdings,PROV,17.39,17.55,17.3,17.36,-0.07,-0.37,"4,725",19.78,16.70,0.56,3.23,31.49,-5.65,Monday,Monday,2018/11/12
668535,1373,Provident Financial Holdings,PROV,17.4,17.78,17.16,17.46,0.10,0.58,"10,337",19.78,16.70,0.56,3.21,31.68,-5.11,Tuesday,Tuesday,2018/11/13
668536,1373,Provident Financial Holdings,PROV,17.68,17.68,17.34,17.46,0.14,0.81,"8,372",19.78,16.70,0.56,3.21,31.68,-5.11,Wednesday,Wednesday,2018/11/14
668537,1370,Provident Financial Holdings,PROV,17.38,17.45,17.21,17.45,-0.01,-0.06,"7,369",19.78,16.70,0.56,3.21,31.66,-5.16,Thursday,Thursday,2018/11/15
668538,1373,Provident Financial Holdings,PROV,17.45,17.58,17.45,17.45,...,...,"5,111",19.78,16.70,0.56,3.21,31.66,-5.16,Friday,Friday,2018/11/16
668539,1371,Provident Financial Holdings,PROV,17.45,17.55,17.34,17.35,-0.10,-0.57,"4,748",19.78,16.70,0.56,3.23,31.48,-5.71,Monday,Monday,2018/11/19
668540,1373,Provident Financial Holdings,PROV,17.26,17.55,17.25,17.48,0.13,0.75,"8,219",19.78,16.70,0.56,3.20,31.71,-5.00,Tuesday,Tuesday,2018/11/20
668541,1371,Provident Financial Holdings,PROV,17.45,17.53,17.3,17.3,-0.18,-1.03,"3,829",19.78,16.70,0.56,3.24,31.39,-5.98,Wednesday,Wednesday,2018/11/21
668542,1353,Provident Financial Holdings,PROV,17.2,17.96,17.2,17.56,0.26,1.50,"12,860",19.78,16.70,0.56,3.19,31.86,-4.57,Friday,Friday,2018/11/23
668543,1374,Provident Financial Holdings,PROV,17.78,17.79,17.35,17.4,-0.16,-0.91,"3,290",19.78,16.70,0.56,3.22,31.57,-5.43,Monday,Monday,2018/11/26
668544,1369,Provident Financial Holdings,PROV,17.39,17.81,17.39,17.43,0.03,0.17,"5,302",19.78,16.70,0.56,3.21,31.62,-5.27,Tuesday,Tuesday,2018/11/27
668545,1376,Provident Financial Holdings,PROV,17.82,17.99,17.45,17.5,0.07,0.40,"6,937",19.78,16.70,0.56,3.20,31.75,-4.89,Wednesday,Wednesday,2018/11/28
668546,1369,Provident Financial Holdings,PROV,17.69,17.7,17.5,17.65,0.15,0.86,"12,940",19.78,16.70,0.56,3.17,32.02,-4.08,Thursday,Thursday,2018/11/29
668547,1375,Provident Financial Holdings,PROV,17.53,18.19,17.5,17.55,-0.10,-0.57,"20,590",19.78,16.70,0.56,3.19,31.84,-4.62,Friday,Friday,2018/11/30
668548,1366,Provident Financial Holdings,PROV,17.8,17.91,17.54,17.6,0.05,0.28,"9,060",19.78,16.70,0.56,3.18,31.93,-4.35,Monday,Monday,2018/12/03
668549,1373,Provident Financial Holdings,PROV,17.7,17.7,17.35,17.4,-0.20,-1.14,"5,880",19.78,16.70,0.56,3.22,31.57,-5.43,Tuesday,Tuesday,2018/12/04
668550,1370,Provident Financial Holdings,PROV,17.35,17.73,17.35,17.5,0.10,0.57,"4,843",19.78,16.70,0.56,3.20,31.75,-4.89,Thursday,Thursday,2018/12/06
668551,1368,Provident Financial Holdings,PROV,17.71,17.71,17.25,17.28,-0.22,-1.26,"15,768",19.78,16.70,0.56,3.24,31.35,-6.09,Friday,Friday,2018/12/07
668552,1367,Provident Financial Holdings,PROV,17.39,17.5,17.25,17.41,0.13,0.75,"3,490",19.78,16.70,0.56,3.22,31.59,-5.38,Monday,Monday,2018/12/10
668553,1363,Provident Financial Holdings,PROV,17.47,17.63,17.01,17.01,-0.40,-2.30,"2,526",19.78,16.70,0.56,3.29,30.86,-7.55,Tuesday,Tuesday,2018/12/11
668554,1371,Provident Financial Holdings,PROV,17.21,17.38,17.0,17.02,0.01,0.06,"1,732",19.78,16.70,0.56,3.29,30.88,-7.50,Wednesday,Wednesday,2018/12/12
668555,1367,Provident Financial Holdings,PROV,17.02,17.02,16.76,16.88,-0.14,-0.82,"7,959",19.78,16.70,0.56,3.32,30.62,-8.26,Thursday,Thursday,2018/12/13
668556,1366,Provident Financial Holdings,PROV,16.78,16.87,16.64,16.65,-0.23,-1.36,"3,087",19.78,16.64,0.56,3.36,30.21,-9.51,Friday,Friday,2018/12/14
668557,1372,Provident Financial Holdings,PROV,16.55,16.64,16.55,16.58,-0.07,-0.42,"8,540",19.78,16.55,0.56,3.38,30.08,-9.89,Monday,Monday,2018/12/17
668558,1370,Provident Financial Holdings,PROV,16.55,16.61,16.26,16.27,-0.31,-1.87,"18,388",19.78,16.26,0.56,3.44,29.52,-11.58,Tuesday,Tuesday,2018/12/18
668559,1370,Provident Financial Holdings,PROV,16.06,16.27,16.06,16.27,...,0.03,"4,934",19.78,16.06,0.56,3.44,29.53,-11.55,Wednesday,Wednesday,2018/12/19
668560,1372,Provident Financial Holdings,PROV,16.01,16.05,15.81,15.89,-0.38,-2.37,"6,158",19.78,15.81,0.56,3.52,28.83,-13.64,Thursday,Thursday,2018/12/20
668561,1373,Provident Financial Holdings,PROV,15.59,15.6,15.27,15.27,-0.62,-3.90,"9,053",19.78,15.27,0.56,3.67,27.70,-17.01,Friday,Friday,2018/12/21
668562,1363,Provident Financial Holdings,PROV,15.34,15.72,15.21,15.21,-0.06,-0.39,"5,788",19.78,15.21,0.56,3.68,27.59,-17.34,Monday,Monday,2018/12/24
668563,1371,Provident Financial Holdings,PROV,15.63,15.63,15.16,15.46,0.25,1.64,"16,927",19.78,15.16,0.56,3.62,28.05,-15.98,Wednesday,Wednesday,2018/12/26
668564,1374,Provident Financial Holdings,PROV,15.34,15.47,14.67,15.26,-0.20,-1.29,"21,123",19.78,14.67,0.56,3.67,27.69,-17.07,Thursday,Thursday,2018/12/27
668565,1372,Provident Financial Holdings,PROV,15.41,15.75,15.21,15.7,0.44,2.88,"8,943",19.78,14.67,0.56,3.57,28.48,-14.67,Friday,Friday,2018/12/28
668566,1371,Provident Financial Holdings,PROV,16.86,17.19,15.42,15.5,-0.20,-1.27,"13,304",19.78,14.67,0.56,3.61,28.12,-15.76,Monday,Monday,2018/12/31
668567,1361,Provident Financial Holdings,PROV,15.26,16.48,15.26,16.29,0.79,5.10,"2,574",19.78,14.67,0.56,3.44,29.55,5.10,Wednesday,Wednesday,2019/01/02
668568,1359,Provident Financial Holdings,PROV,16.28,16.28,15.56,15.58,-0.71,-4.36,"4,994",19.78,14.67,0.56,3.59,28.27,0.52,Thursday,Thursday,2019/01/03
668569,1364,Provident Financial Holdings,PROV,15.94,16.45,15.62,15.78,0.20,1.28,"4,867",19.78,14.67,0.56,3.55,28.63,1.81,Friday,Friday,2019/01/04
668570,1355,Provident Financial Holdings,PROV,15.28,15.73,15.28,15.65,-0.13,-0.82,"1,954",19.78,14.67,0.56,3.58,28.39,0.98,Monday,Monday,2019/01/07
668571,1359,Provident Financial Holdings,PROV,15.5,15.98,15.49,15.7,0.05,0.31,"1,131",19.78,14.67,0.56,3.57,28.48,1.29,Tuesday,Tuesday,2019/01/08
668572,1352,Provident Financial Holdings,PROV,15.97,16.06,15.72,15.72,0.02,0.13,"1,507",19.78,14.67,0.56,3.56,28.52,1.42,Wednesday,Wednesday,2019/01/09
668573,1357,Provident Financial Holdings,PROV,15.76,15.95,15.76,15.76,0.04,0.25,"2,640",19.78,14.67,0.56,3.55,28.59,1.68,Thursday,Thursday,2019/01/10
668574,1358,Provident Financial Holdings,PROV,15.98,15.98,15.8,15.89,0.13,0.82,"1,641",19.78,14.67,0.56,3.52,28.83,2.51,Friday,Friday,2019/01/11
668575,1353,Provident Financial Holdings,PROV,15.85,15.9,15.79,15.86,-0.03,-0.18,"5,176",19.78,14.67,0.56,3.53,28.77,2.32,Monday,Monday,2019/01/14
668576,1358,Provident Financial Holdings,PROV,15.94,16.16,15.91,16.0,0.14,0.88,"4,528",19.78,14.67,0.56,3.50,29.03,3.23,Tuesday,Tuesday,2019/01/15
668577,1358,Provident Financial Holdings,PROV,15.86,16.25,15.86,16.01,0.01,0.06,"5,145",19.78,14.67,0.56,3.50,29.05,3.29,Wednesday,Wednesday,2019/01/16
668578,1360,Provident Financial Holdings,PROV,16.81,16.88,16.01,16.01,...,...,"16,918",19.78,14.67,0.56,3.50,29.05,3.29,Thursday,Thursday,2019/01/17
668579,1361,Provident Financial Holdings,PROV,16.6,16.66,16.1,16.24,0.23,1.44,"2,056",19.78,14.67,0.56,3.45,29.46,4.77,Friday,Friday,2019/01/18
668580,1356,Provident Financial Holdings,PROV,16.25,16.62,16.16,16.16,-0.08,-0.49,"7,761",19.78,14.67,0.56,3.47,29.32,4.26,Tuesday,Tuesday,2019/01/22
668581,1350,Provident Financial Holdings,PROV,16.19,16.55,16.16,16.22,0.06,0.37,"4,721",19.78,14.67,0.56,3.45,29.43,4.65,Wednesday,Wednesday,2019/01/23
668582,1350,Provident Financial Holdings,PROV,16.31,16.35,16.1,16.11,-0.11,-0.68,"9,871",19.78,14.67,0.56,3.48,29.23,3.94,Thursday,Thursday,2019/01/24
668583,1351,Provident Financial Holdings,PROV,16.11,16.39,16.05,16.24,0.13,0.81,"8,554",19.78,14.67,0.56,3.45,29.46,4.77,Friday,Friday,2019/01/25
