,Unnamed: 0,Name,Symbol,Open,High,Low,Close,Net Chg,% Chg,Volume,52 Wk High,52 Wk Low,Div,Yield,P/E,YTD % Chg,Stock,day,date
13823,50,AK Steel Holding,AKS,4.33,4.55,4.32,4.53,0.25,5.84,"13,532,743",7.7,4,...,...,226.5,-19.96,Thursday,Thursday,3/29/2018
13824,50,AK Steel Holding,AKS,4.4,4.44,4.33,4.37,-0.06,-1.35,"10,134,286",7.54,4,...,...,218.5,-22.79,Wednesday,Wednesday,4/11/2018
13825,50,AK Steel Holding,AKS,4.37,4.52,4.36,4.49,0.12,2.75,"11,233,497",7.54,4,...,...,224.5,-20.67,Thursday,Thursday,4/12/2018
13826,50,AK Steel Holding,AKS,4.56,4.75,4.56,4.71,0.18,3.97,"14,075,503",7.54,4,...,...,235.5,-16.78,Tuesday,Tuesday,4/17/2018
13827,49,AK Steel Holding,AKS,4.76,4.93,4.68,4.82,0.11,2.34,"21,867,468",7.54,4,...,...,241,-14.84,Wednesday,Wednesday,4/18/2018
13828,49,AK Steel Holding,AKS,4.8,4.83,4.68,4.75,-0.07,-1.45,"13,500,516",7.54,4,...,...,237.5,-16.08,Thursday,Thursday,4/19/2018
13829,49,AK Steel Holding,AKS,4.76,4.83,4.67,4.75,...,...,"8,277,380",7.54,4,...,...,237.5,-16.08,Friday,Friday,4/20/2018
13830,49,AK Steel Holding,AKS,4.72,4.78,4.59,4.7,0.02,0.43,"8,475,204",7.54,4,...,...,235,-16.96,Tuesday,Tuesday,4/24/2018
13831,49,AK Steel Holding,AKS,4.67,4.88,4.66,4.85,0.15,3.19,"9,475,002",7.04,4,...,...,242.5,-14.31,Wednesday,Wednesday,4/25/2018
13832,49,AK Steel Holding,AKS,4.8,4.83,4.54,4.75,-0.08,-1.66,"25,785,183",7.04,4,...,...,237.5,-16.08,Friday,Friday,4/27/2018
13833,49,AK Steel Holding,AKS,4.7,4.82,4.41,4.59,-0.16,-3.37,"29,143,455",7.04,4,...,...,229.5,-18.9,Monday,Monday,4/30/2018
13834,49,AK Steel Holding,AKS,4.52,4.55,4.14,4.32,-0.27,-5.88,"31,297,807",7.04,4,...,...,216,-23.67,Tuesday,Tuesday,5/1/2018
13835,49,AK Steel Holding,AKS,4.32,4.38,4.24,4.34,0.04,0.93,"11,060,905",7.04,4,...,...,...,-23.32,Thursday,Thursday,5/3/2018
13836,49,AK Steel Holding,AKS,4.33,4.6,4.3,4.53,0.19,4.38,"18,830,105",7.04,4,...,...,...,-19.96,Friday,Friday,5/4/2018
13837,49,AK Steel Holding,AKS,4.54,4.59,4.49,4.54,0.01,0.22,"8,791,721",7.04,4,...,...,...,-19.79,Monday,Monday,5/7/2018
13838,49,AK Steel Holding,AKS,4.56,4.58,4.42,4.44,-0.1,-2.2,"11,991,725",7.04,4,...,...,...,-21.55,Tuesday,Tuesday,5/8/2018
13839,49,AK Steel Holding,AKS,4.47,4.53,4.35,4.38,-0.06,-1.35,"14,085,983",7.04,4,...,...,...,-22.61,Wednesday,Wednesday,5/9/2018
13840,49,AK Steel Holding,AKS,4.41,4.47,4.36,4.45,0.07,1.6,"13,195,248",7.04,4,...,...,...,-21.38,Thursday,Thursday,5/10/2018
13841,49,AK Steel Holding,AKS,4.5,4.58,4.46,4.48,0.03,0.67,"9,200,291",7.04,4,...,...,...,-20.85,Friday,Friday,5/11/2018
13842,49,AK Steel Holding,AKS,4.53,4.55,4.36,4.4,-0.08,-1.79,"10,863,223",7.04,4,...,...,...,-22.26,Monday,Monday,5/14/2018
13843,49,AK Steel Holding,AKS,4.39,4.48,4.36,4.44,0.04,0.91,"7,500,096",7.04,4,...,...,...,-21.55,Tuesday,Tuesday,5/15/2018
13844,49,AK Steel Holding,AKS,4.47,4.73,4.45,4.71,0.27,6.08,"19,718,838",7.04,4,...,...,...,-16.78,Wednesday,Wednesday,5/16/2018
13845,49,AK Steel Holding,AKS,4.7,4.9,4.69,4.82,0.11,2.34,"13,161,200",7.04,4,...,...,...,-14.84,Thursday,Thursday,5/17/2018
13846,49,AK Steel Holding,AKS,4.82,4.9,4.66,4.7,-0.12,-2.49,"8,175,463",7.04,4,...,...,...,-16.96,Friday,Friday,5/18/2018
13847,49,AK Steel Holding,AKS,4.63,4.63,4.45,4.46,-0.24,-5.11,"12,847,773",7.04,4,...,...,...,-21.2,Monday,Monday,5/21/2018
13848,49,AK Steel Holding,AKS,4.52,4.67,4.51,4.56,0.1,2.24,"11,799,907",7.04,4,...,...,...,-19.43,Tuesday,Tuesday,5/22/2018
13849,49,AK Steel Holding,AKS,4.51,4.54,4.45,4.5,-0.06,-1.32,"9,025,775",7.04,4,...,...,...,-20.49,Wednesday,Wednesday,5/23/2018
13850,49,AK Steel Holding,AKS,4.5,4.54,4.42,4.51,0.01,0.22,"9,694,553",7.04,4,...,...,...,-20.32,Thursday,Thursday,5/24/2018
13851,49,AK Steel Holding,AKS,4.5,4.52,4.42,4.47,-0.04,-0.89,"7,706,832",7.04,4,...,...,...,-21.02,Friday,Friday,5/25/2018
13852,49,AK Steel Holding,AKS,4.42,4.52,4.4,4.42,-0.05,-1.12,"6,876,936",7.04,4,...,...,...,-21.91,Tuesday,Tuesday,5/29/2018
13853,49,AK Steel Holding,AKS,4.31,4.63,4.31,4.58,0.16,3.62,"23,385,704",7.04,4,...,...,...,-19.08,Wednesday,Wednesday,5/30/2018
13854,49,AK Steel Holding,AKS,4.82,4.92,4.48,4.52,-0.06,-1.31,"32,588,402",7.04,4,...,...,...,-20.14,Thursday,Thursday,5/31/2018
13855,49,AK Steel Holding,AKS,4.61,4.69,4.57,4.62,0.1,2.21,"12,612,254",7.04,4,...,...,...,-18.37,Friday,Friday,6/1/2018
13856,49,AK Steel Holding,AKS,4.68,4.74,4.58,4.65,0.03,0.65,"10,133,918",7.04,4,...,...,...,-17.84,Monday,Monday,6/4/2018
13857,49,AK Steel Holding,AKS,4.65,4.73,4.54,4.63,-0.02,-0.43,"9,119,490",7.04,4,...,...,...,-18.2,Tuesday,Tuesday,6/5/2018
13858,49,AK Steel Holding,AKS,4.67,4.71,4.52,4.65,0.02,0.43,"10,008,430",7.04,4,...,...,...,-17.84,Wednesday,Wednesday,6/6/2018
13859,49,AK Steel Holding,AKS,4.64,4.73,4.58,4.71,0.06,1.29,"11,375,309",7.04,4,...,...,...,-16.78,Thursday,Thursday,6/7/2018
13860,49,AK Steel Holding,AKS,4.7,4.74,4.65,4.7,-0.01,-0.21,"6,684,351",7.04,4,...,...,...,-16.96,Friday,Friday,6/8/2018
13861,49,AK Steel Holding,AKS,4.71,4.79,4.69,4.73,0.03,0.64,"7,356,841",7.04,4,...,...,...,-16.43,Monday,Monday,6/11/2018
13862,49,AK Steel Holding,AKS,4.77,4.84,4.72,4.8,0.07,1.48,"7,816,455",7.04,4,...,...,...,-15.19,Tuesday,Tuesday,6/12/2018
13863,49,AK Steel Holding,AKS,4.82,4.88,4.73,4.77,-0.03,-0.63,"8,012,108",7.04,4,...,...,...,-15.72,Wednesday,Wednesday,6/13/2018
13864,49,AK Steel Holding,AKS,4.84,4.85,4.73,4.8,0.03,0.63,"6,834,405",7.04,4,...,...,...,-15.19,Thursday,Thursday,6/14/2018
13865,49,AK Steel Holding,AKS,4.75,4.78,4.53,4.67,-0.13,-2.71,"27,356,645",7.04,4,...,...,...,-17.49,Friday,Friday,6/15/2018
13866,49,AK Steel Holding,AKS,4.6,4.73,4.59,4.72,0.05,1.07,"7,552,407",7.04,4,...,...,...,-16.61,Monday,Monday,6/18/2018
13867,49,AK Steel Holding,AKS,4.62,4.65,4.52,4.63,-0.09,-1.91,"8,435,285",7.04,4,...,...,...,-18.2,Tuesday,Tuesday,6/19/2018
13868,49,AK Steel Holding,AKS,4.67,4.73,4.57,4.72,0.09,1.94,"7,102,244",7.04,4,...,...,...,-16.61,Wednesday,Wednesday,6/20/2018
13869,49,AK Steel Holding,AKS,4.7,4.76,4.64,4.67,-0.05,-1.06,"5,970,854",7.04,4,...,...,...,-17.49,Thursday,Thursday,6/21/2018
13870,49,AK Steel Holding,AKS,4.7,4.9,4.7,4.88,0.21,4.5,"17,619,257",7.04,4,...,...,...,-13.78,Friday,Friday,6/22/2018
13871,49,AK Steel Holding,AKS,4.8,4.89,4.52,4.55,-0.33,-6.76,"15,106,179",7.04,4,...,...,...,-19.61,Monday,Monday,6/25/2018
13872,49,AK Steel Holding,AKS,4.6,4.6,4.32,4.49,-0.06,-1.32,"19,203,036",7.04,4,...,...,...,-20.67,Tuesday,Tuesday,6/26/2018
13873,49,AK Steel Holding,AKS,4.52,4.56,4.34,4.35,-0.14,-3.12,"11,749,781",7.04,4,...,...,...,-23.14,Wednesday,Wednesday,6/27/2018
13874,49,AK Steel Holding,AKS,4.35,4.36,4.2,4.3,-0.05,-1.15,"11,430,443",7.04,4,...,...,...,-24.03,Thursday,Thursday,6/28/2018
13875,49,AK Steel Holding,AKS,4.34,4.4,4.32,4.34,0.04,0.93,"8,070,470",7.04,4,...,...,...,-23.32,Friday,Friday,6/29/2018
13876,49,AK Steel Holding,AKS,4.3,4.45,4.27,4.45,0.11,2.53,"9,217,846",6.88,4,...,...,...,-21.38,Monday,Monday,7/2/2018
13877,49,AK Steel Holding,AKS,4.49,4.51,4.36,4.38,-0.07,-1.57,"4,784,120",6.88,4,...,...,...,-22.61,Tuesday,Tuesday,7/3/2018
13878,49,AK Steel Holding,AKS,4.41,4.5,4.4,4.49,0.11,2.51,"9,692,410",6.88,4,...,...,...,-20.67,Thursday,Thursday,7/5/2018
13879,49,AK Steel Holding,AKS,4.47,4.6,4.44,4.59,0.1,2.23,"8,521,562",6.88,4,...,...,...,-18.9,Friday,Friday,7/6/2018
13880,49,AK Steel Holding,AKS,4.59,4.59,4.4,4.56,-0.03,-0.65,"15,781,935",6.88,4,...,...,...,-19.43,Monday,Monday,7/9/2018
13881,49,AK Steel Holding,AKS,4.57,4.73,4.54,4.71,0.15,3.29,"13,351,138",6.88,4,...,...,...,-16.78,Tuesday,Tuesday,7/10/2018
13882,49,AK Steel Holding,AKS,4.61,4.67,4.57,4.61,-0.1,-2.12,"8,191,557",6.88,4,...,...,...,-18.55,Wednesday,Wednesday,7/11/2018
13883,49,AK Steel Holding,AKS,4.64,4.67,4.51,4.59,-0.02,-0.43,"12,466,333",6.88,4,...,...,...,-18.9,Thursday,Thursday,7/12/2018
13884,49,AK Steel Holding,AKS,4.6,4.67,4.58,4.61,0.02,0.44,"7,024,907",6.88,4,...,...,...,-18.55,Friday,Friday,7/13/2018
13885,49,AK Steel Holding,AKS,4.62,4.72,4.51,4.54,-0.07,-1.52,"12,205,749",6.88,4,...,...,...,-19.79,Monday,Monday,7/16/2018
13886,49,AK Steel Holding,AKS,4.53,4.8,4.53,4.78,0.24,5.29,"16,357,011",6.88,4,...,...,...,-15.55,Tuesday,Tuesday,7/17/2018
13887,49,AK Steel Holding,AKS,4.8,4.99,4.79,4.91,0.13,2.72,"15,543,476",6.88,4,...,...,...,-13.25,Wednesday,Wednesday,7/18/2018
13888,49,AK Steel Holding,AKS,4.83,4.89,4.78,4.83,-0.08,-1.63,"8,870,930",6.88,4,...,...,...,-14.66,Thursday,Thursday,7/19/2018
13889,49,AK Steel Holding,AKS,4.87,4.95,4.83,4.87,0.04,0.83,"9,326,153",6.88,4,...,...,...,-13.96,Friday,Friday,7/20/2018
13890,49,AK Steel Holding,AKS,4.88,5.07,4.85,5.04,0.17,3.49,"13,190,224",6.88,4,...,...,...,-10.95,Monday,Monday,7/23/2018
13891,49,AK Steel Holding,AKS,5.2,5.4,5.14,5.21,0.17,3.37,"20,710,403",6.88,4,...,...,...,-7.95,Tuesday,Tuesday,7/24/2018
13892,49,AK Steel Holding,AKS,5.16,5.26,5.11,5.22,0.01,0.19,"10,195,653",6.8,4,...,...,...,-7.77,Wednesday,Wednesday,7/25/2018
13893,49,AK Steel Holding,AKS,5.09,5.21,4.81,5.19,-0.03,-0.57,"21,441,553",6.8,4,...,...,...,-8.3,Thursday,Thursday,7/26/2018
13894,49,AK Steel Holding,AKS,5.26,5.28,5.13,5.25,0.06,1.16,"12,899,106",6.8,4,...,...,...,-7.24,Friday,Friday,7/27/2018
13895,49,AK Steel Holding,AKS,5.29,5.38,5.23,5.36,0.11,2.1,"17,215,376",6.8,4,...,...,...,-5.3,Monday,Monday,7/30/2018
13896,49,AK Steel Holding,AKS,4.75,4.89,4.62,4.63,-0.73,-13.62,"38,811,389",6.8,4,...,...,...,-18.2,Tuesday,Tuesday,7/31/2018
13897,49,AK Steel Holding,AKS,4.64,4.64,4.46,4.57,-0.06,-1.3,"23,288,606",6.8,4,...,...,...,-19.26,Wednesday,Wednesday,8/1/2018
13898,49,AK Steel Holding,AKS,4.52,4.52,4.35,4.43,-0.14,-3.06,"21,645,569",6.8,4,...,...,...,-21.73,Thursday,Thursday,8/2/2018
13899,49,AK Steel Holding,AKS,4.46,4.53,4.41,4.5,0.07,1.58,"10,106,025",6.8,4,...,...,...,-20.49,Friday,Friday,8/3/2018
13900,49,AK Steel Holding,AKS,4.49,4.52,4.4,4.52,0.02,0.44,"10,565,813",6.8,4,...,...,...,-20.14,Monday,Monday,8/6/2018
13901,49,AK Steel Holding,AKS,4.56,4.59,4.48,4.49,-0.03,-0.66,"8,134,761",6.8,4,...,...,...,-20.67,Tuesday,Tuesday,8/7/2018
13902,49,AK Steel Holding,AKS,4.52,4.53,4.35,4.48,-0.01,-0.22,"8,982,592",6.8,4,...,...,...,-20.85,Wednesday,Wednesday,8/8/2018
13903,49,AK Steel Holding,AKS,4.45,4.48,4.35,4.37,-0.11,-2.46,"10,617,010",6.8,4,...,...,...,-22.79,Thursday,Thursday,8/9/2018
13904,49,AK Steel Holding,AKS,4.35,4.35,4.24,4.31,-0.06,-1.37,"15,944,601",6.8,4,...,...,...,-23.85,Friday,Friday,8/10/2018
13905,49,AK Steel Holding,AKS,4.3,4.32,4.21,4.26,-0.05,-1.16,"9,450,359",6.8,4,...,...,...,-24.73,Monday,Monday,8/13/2018
13906,49,AK Steel Holding,AKS,4.28,4.32,4.17,4.18,-0.08,-1.88,"14,867,012",6.8,4,...,...,...,-26.15,Tuesday,Tuesday,8/14/2018
13907,49,AK Steel Holding,AKS,4.11,4.18,4.01,4.08,-0.1,-2.39,"14,755,495",6.8,4,...,...,...,-27.92,Wednesday,Wednesday,8/15/2018
13908,49,AK Steel Holding,AKS,4.15,4.27,4.14,4.24,0.16,3.92,"10,788,674",6.8,4,...,...,...,-25.09,Thursday,Thursday,8/16/2018
13909,49,AK Steel Holding,AKS,4.25,4.38,4.21,4.37,0.13,3.07,"10,736,338",6.8,4,...,...,...,-22.79,Friday,Friday,8/17/2018
13910,49,AK Steel Holding,AKS,4.41,4.44,4.36,4.4,0.03,0.69,"6,112,167",6.8,4,...,...,...,-22.26,Monday,Monday,8/20/2018
13911,49,AK Steel Holding,AKS,4.4,4.5,4.4,4.47,0.07,1.59,"8,985,121",6.8,4,...,...,...,-21.02,Tuesday,Tuesday,8/21/2018
13912,49,AK Steel Holding,AKS,4.46,4.53,4.45,4.47,...,...,"6,273,935",6.8,4,...,...,...,-21.02,Wednesday,Wednesday,8/22/2018
13913,49,AK Steel Holding,AKS,4.46,4.48,4.2,4.25,-0.22,-4.92,"13,344,906",6.8,4,...,...,...,-24.91,Thursday,Thursday,8/23/2018
13914,49,AK Steel Holding,AKS,4.28,4.36,4.23,4.29,0.04,0.94,"5,966,846",6.8,4,...,...,...,-24.2,Friday,Friday,8/24/2018
13915,49,AK Steel Holding,AKS,4.38,4.5,4.32,4.41,0.12,2.8,"13,527,942",6.8,4,...,...,...,-22.08,Monday,Monday,8/27/2018
13916,49,AK Steel Holding,AKS,4.46,4.51,4.39,4.47,0.06,1.36,"7,884,222",6.8,4,...,...,...,-21.02,Tuesday,Tuesday,8/28/2018
13917,49,AK Steel Holding,AKS,4.44,4.52,4.35,4.49,0.02,0.45,"7,499,357",6.8,4,...,...,...,-20.67,Wednesday,Wednesday,8/29/2018
13918,49,AK Steel Holding,AKS,4.47,4.47,4.29,4.35,-0.14,-3.12,"10,531,241",6.8,4,...,...,...,-23.14,Thursday,Thursday,8/30/2018
13919,49,AK Steel Holding,AKS,4.33,4.45,4.32,4.44,0.09,2.07,"7,647,701",6.8,4,...,...,...,-21.55,Friday,Friday,8/31/2018
13920,49,AK Steel Holding,AKS,4.37,4.4,4.3,4.37,-0.07,-1.58,"11,282,715",6.8,4,...,...,...,-22.79,Tuesday,Tuesday,9/4/2018
13921,49,AK Steel Holding,AKS,4.34,4.41,4.31,4.35,-0.02,-0.46,"7,811,477",6.8,4,...,...,...,-23.14,Wednesday,Wednesday,9/5/2018
13922,49,AK Steel Holding,AKS,4.38,4.42,4.18,4.23,-0.12,-2.76,"12,972,450",6.8,4,...,...,...,-25.27,Thursday,Thursday,9/6/2018
13923,49,AK Steel Holding,AKS,4.3,4.34,4.18,4.19,-0.04,-0.95,"21,162,573",6.8,4,...,...,...,-25.97,Friday,Friday,9/7/2018
13924,49,AK Steel Holding,AKS,4.22,4.26,4.16,4.24,0.05,1.19,"9,499,354",6.8,4,...,...,...,-25.09,Monday,Monday,9/10/2018
13925,49,AK Steel Holding,AKS,4.22,4.25,4.1,4.24,...,...,"10,063,674",6.8,4,...,...,...,-25.09,Tuesday,Tuesday,9/11/2018
13926,49,AK Steel Holding,AKS,4.24,4.43,4.24,4.39,0.15,3.54,"12,668,750",6.8,4,...,...,...,-22.44,Wednesday,Wednesday,9/12/2018
13927,49,AK Steel Holding,AKS,4.42,4.49,4.33,4.37,-0.02,-0.46,"13,215,944",6.8,4,...,...,...,-22.79,Thursday,Thursday,9/13/2018
13928,49,AK Steel Holding,AKS,4.37,4.45,4.32,4.37,...,...,"10,541,946",6.8,4,...,...,...,-22.79,Friday,Friday,9/14/2018
13929,49,AK Steel Holding,AKS,4.37,4.5,4.36,4.49,0.12,2.75,"9,452,094",6.8,4,...,...,...,-20.67,Monday,Monday,9/17/2018
13930,49,AK Steel Holding,AKS,4.51,4.72,4.5,4.68,0.19,4.23,"15,235,595",6.8,4,...,...,...,-17.31,Tuesday,Tuesday,9/18/2018
13931,49,AK Steel Holding,AKS,4.72,4.9,4.71,4.79,0.11,2.35,"14,348,892",6.8,4,...,...,...,-15.37,Wednesday,Wednesday,9/19/2018
13932,49,AK Steel Holding,AKS,4.87,4.9,4.78,4.85,0.06,1.25,"9,327,982",6.8,4,...,...,...,-14.31,Thursday,Thursday,9/20/2018
13933,49,AK Steel Holding,AKS,4.87,4.87,4.68,4.74,-0.11,-2.27,"9,524,540",6.8,4,...,...,...,-16.25,Friday,Friday,9/21/2018
13934,48,AK Steel Holding,AKS,4.71,4.82,4.62,4.65,-0.09,-1.9,"8,017,213",6.8,4,...,...,...,-17.84,Monday,Monday,9/24/2018
13935,48,AK Steel Holding,AKS,4.68,4.84,4.68,4.83,0.18,3.87,"8,828,096",6.8,4,...,...,...,-14.66,Tuesday,Tuesday,9/25/2018
13936,48,AK Steel Holding,AKS,4.81,4.87,4.75,4.82,-0.01,-0.21,"8,935,386",6.8,4,...,...,...,-14.84,Wednesday,Wednesday,9/26/2018
13937,48,AK Steel Holding,AKS,4.81,4.86,4.77,4.83,0.01,0.21,"5,266,649",6.8,4,...,...,...,-14.66,Thursday,Thursday,9/27/2018
13938,48,AK Steel Holding,AKS,4.79,4.96,4.73,4.9,0.07,1.45,"7,376,176",6.8,4,...,...,...,-13.43,Friday,Friday,9/28/2018
13939,48,AK Steel Holding,AKS,4.99,5.11,4.8,4.93,0.03,0.61,"16,736,490",6.8,4,...,...,...,-12.9,Monday,Monday,10/1/2018
13940,48,AK Steel Holding,AKS,4.9,4.95,4.78,4.83,-0.1,-2.03,"8,087,090",6.8,4,...,...,...,-14.66,Tuesday,Tuesday,10/2/2018
13941,48,AK Steel Holding,AKS,4.86,4.97,4.83,4.94,0.11,2.28,"5,784,652",6.8,4,...,...,...,-12.72,Wednesday,Wednesday,10/3/2018
13942,48,AK Steel Holding,AKS,4.95,5.06,4.86,4.86,-0.08,-1.62,"8,547,414",6.8,4,...,...,...,-14.13,Thursday,Thursday,10/4/2018
13943,48,AK Steel Holding,AKS,4.85,4.9,4.74,4.83,-0.03,-0.62,"6,101,505",6.8,4,...,...,...,-14.66,Friday,Friday,10/5/2018
13944,48,AK Steel Holding,AKS,4.8,4.94,4.76,4.92,0.09,1.86,"6,969,505",6.8,4,...,...,...,-13.07,Monday,Monday,10/8/2018
13945,48,AK Steel Holding,AKS,4.89,4.94,4.79,4.8,-0.12,-2.44,"6,509,112",6.8,4,...,...,...,-15.19,Tuesday,Tuesday,10/9/2018
13946,48,AK Steel Holding,AKS,4.78,4.8,4.56,4.57,-0.23,-4.79,"12,393,432",6.8,4,...,...,...,-19.26,Wednesday,Wednesday,10/10/2018
13947,48,AK Steel Holding,AKS,4.52,4.66,4.44,4.51,-0.06,-1.31,"8,462,870",6.8,4,...,...,...,-20.32,Thursday,Thursday,10/11/2018
13948,48,AK Steel Holding,AKS,4.56,4.68,4.52,4.63,0.12,2.66,"7,791,605",6.8,4,...,...,...,-18.2,Friday,Friday,10/12/2018
13949,48,AK Steel Holding,AKS,4.63,4.77,4.57,4.66,0.03,0.65,"9,861,242",6.8,4,...,...,...,-17.67,Monday,Monday,10/15/2018
13950,48,AK Steel Holding,AKS,4.71,4.79,4.61,4.74,0.08,1.72,"6,807,077",6.8,4,...,...,...,-16.25,Tuesday,Tuesday,10/16/2018
13951,48,AK Steel Holding,AKS,4.71,4.81,4.58,4.81,0.07,1.48,"8,496,765",6.8,4,...,...,...,-15.02,Wednesday,Wednesday,10/17/2018
13952,48,AK Steel Holding,AKS,4.79,4.79,4.63,4.67,-0.14,-2.91,"6,811,981",6.8,4,...,...,...,-17.49,Thursday,Thursday,10/18/2018
13953,48,AK Steel Holding,AKS,4.7,4.7,4.43,4.44,-0.23,-4.93,"11,230,010",6.8,4,...,...,...,-21.55,Friday,Friday,10/19/2018
13954,48,AK Steel Holding,AKS,4.45,4.54,4.43,4.51,0.07,1.58,"5,239,233",6.8,4,...,...,...,-20.32,Monday,Monday,10/22/2018
13955,48,AK Steel Holding,AKS,4.41,4.47,4.29,4.46,-0.05,-1.11,"11,156,544",6.8,4,...,...,...,-21.2,Tuesday,Tuesday,10/23/2018
13956,48,AK Steel Holding,AKS,4.43,4.49,4.12,4.13,-0.33,-7.4,"13,377,619",6.8,4,...,...,...,-27.03,Wednesday,Wednesday,10/24/2018
13957,48,AK Steel Holding,AKS,4.2,4.35,4.15,4.22,0.09,2.18,"19,373,581",6.8,4,...,...,...,-25.44,Thursday,Thursday,10/25/2018
13958,48,AK Steel Holding,AKS,3.64,3.93,3.55,3.81,-0.41,-9.72,"40,393,318",6.8,3.55,...,...,...,-32.69,Friday,Friday,10/26/2018
13959,48,AK Steel Holding,AKS,3.87,3.95,3.56,3.65,-0.16,-4.2,"18,273,484",6.8,3.55,...,...,26.07,-35.51,Monday,Monday,10/29/2018
13960,48,AK Steel Holding,AKS,3.6,3.64,3.42,3.5,-0.15,-4.11,"20,521,119",6.8,3.42,...,...,25,-38.16,Tuesday,Tuesday,10/30/2018
13961,48,AK Steel Holding,AKS,3.6,3.72,3.53,3.7,0.2,5.71,"13,643,664",6.8,3.42,...,...,26.43,-34.63,Wednesday,Wednesday,10/31/2018
13962,48,AK Steel Holding,AKS,3.78,3.88,3.67,3.8,0.1,2.7,"10,233,636",6.8,3.42,...,...,27.14,-32.86,Thursday,Thursday,11/1/2018
13963,48,AK Steel Holding,AKS,3.85,4.03,3.82,3.97,0.17,4.47,"10,601,166",6.8,3.42,...,...,28.36,-29.86,Friday,Friday,11/2/2018
13964,48,AK Steel Holding,AKS,3.97,3.99,3.78,3.83,-0.14,-3.53,"8,532,670",6.8,3.42,...,...,27.36,-32.33,Monday,Monday,11/5/2018
13965,47,AK Steel Holding,AKS,3.83,3.95,3.8,3.83,...,...,"7,965,778",6.8,3.42,...,...,27.36,-32.33,Tuesday,Tuesday,11/6/2018
13966,47,AK Steel Holding,AKS,3.88,3.98,3.86,3.91,0.08,2.09,"6,805,305",6.8,3.42,...,...,27.93,-30.92,Wednesday,Wednesday,11/7/2018
13967,47,AK Steel Holding,AKS,3.91,3.96,3.79,3.82,-0.09,-2.3,"9,446,537",6.8,3.42,...,...,27.29,-32.51,Thursday,Thursday,11/8/2018
13968,47,AK Steel Holding,AKS,3.77,3.81,3.64,3.66,-0.16,-4.19,"12,388,653",6.8,3.42,...,...,26.14,-35.34,Friday,Friday,11/9/2018
13969,47,AK Steel Holding,AKS,3.64,3.67,3.51,3.6,-0.06,-1.64,"6,894,260",6.8,3.42,...,...,25.71,-36.4,Monday,Monday,11/12/2018
13970,47,AK Steel Holding,AKS,3.6,3.79,3.6,3.71,0.11,3.06,"7,552,303",6.8,3.42,...,...,26.5,-34.45,Tuesday,Tuesday,11/13/2018
13971,47,AK Steel Holding,AKS,3.74,3.8,3.64,3.69,-0.02,-0.54,"6,010,424",6.8,3.42,...,...,26.36,-34.81,Wednesday,Wednesday,11/14/2018
13972,47,AK Steel Holding,AKS,3.68,3.78,3.65,3.75,0.06,1.63,"4,806,516",6.8,3.42,...,...,26.79,-33.75,Thursday,Thursday,11/15/2018
13973,47,AK Steel Holding,AKS,3.71,3.84,3.71,3.75,...,...,"5,294,560",6.8,3.42,...,...,26.79,-33.75,Friday,Friday,11/16/2018
13974,47,AK Steel Holding,AKS,3.76,3.78,3.64,3.64,-0.11,-2.93,"9,310,741",6.8,3.42,...,...,26,-35.69,Monday,Monday,11/19/2018
13975,47,AK Steel Holding,AKS,3.58,3.61,3.37,3.47,-0.17,-4.67,"14,023,856",6.8,3.37,...,...,24.79,-38.69,Tuesday,Tuesday,11/20/2018
13976,47,AK Steel Holding,AKS,3.53,3.62,3.48,3.54,0.07,2.02,"4,993,874",6.8,3.37,...,...,25.29,-37.46,Wednesday,Wednesday,11/21/2018
13977,47,AK Steel Holding,AKS,3.47,3.52,3.4,3.41,-0.13,-3.67,"3,712,860",6.8,3.37,...,...,24.36,-39.75,Friday,Friday,11/23/2018
13978,47,AK Steel Holding,AKS,3.44,3.48,3.25,3.27,-0.14,-4.11,"10,330,003",6.8,3.25,...,...,23.36,-42.23,Monday,Monday,11/26/2018
13979,47,AK Steel Holding,AKS,3.21,3.22,2.98,3.12,-0.15,-4.59,"23,941,191",6.8,2.98,...,...,22.29,-44.88,Tuesday,Tuesday,11/27/2018
13980,47,AK Steel Holding,AKS,3.14,3.32,3.03,3.27,0.15,4.81,"17,786,972",6.8,2.98,...,...,23.36,-42.23,Wednesday,Wednesday,11/28/2018
13981,46,AK Steel Holding,AKS,3.25,3.31,3.06,3.13,-0.14,-4.28,"10,182,914",6.8,2.98,...,...,22.36,-44.7,Thursday,Thursday,11/29/2018
13982,46,AK Steel Holding,AKS,3.11,3.18,3.06,3.08,-0.05,-1.6,"8,073,505",6.8,2.98,...,...,22,-45.58,Friday,Friday,11/30/2018
13983,46,AK Steel Holding,AKS,3.19,3.3,3.16,3.26,0.18,5.84,"14,454,366",6.8,2.98,...,...,23.29,-42.4,Monday,Monday,12/3/2018
13984,46,AK Steel Holding,AKS,3.24,3.25,3.09,3.09,-0.17,-5.21,"10,883,129",6.8,2.98,...,...,22.07,-45.41,Tuesday,Tuesday,12/4/2018
13985,46,AK Steel Holding,AKS,3.06,3.08,2.9,2.95,-0.14,-4.53,"14,510,710",6.8,2.9,...,...,21.07,-47.88,Thursday,Thursday,12/6/2018
13986,46,AK Steel Holding,AKS,2.98,3.03,2.82,2.84,-0.11,-3.73,"9,419,274",6.8,2.82,...,...,20.29,-49.82,Friday,Friday,12/7/2018
13987,46,AK Steel Holding,AKS,2.83,2.86,2.65,2.77,-0.07,-2.46,"12,653,920",6.8,2.65,...,...,19.79,-51.06,Monday,Monday,12/10/2018
13988,46,AK Steel Holding,AKS,2.85,2.93,2.74,2.75,-0.02,-0.72,"10,341,153",6.8,2.65,...,...,19.64,-51.41,Tuesday,Tuesday,12/11/2018
13989,46,AK Steel Holding,AKS,2.81,2.84,2.74,2.77,0.02,0.73,"9,007,563",6.8,2.65,...,...,19.79,-51.06,Wednesday,Wednesday,12/12/2018
13990,46,AK Steel Holding,AKS,2.77,2.79,2.63,2.64,-0.13,-4.69,"9,993,272",6.8,2.63,...,...,18.86,-53.36,Thursday,Thursday,12/13/2018
13991,46,AK Steel Holding,AKS,2.61,2.7,2.56,2.58,-0.06,-2.27,"8,179,425",6.8,2.56,...,...,18.43,-54.42,Friday,Friday,12/14/2018
13992,46,AK Steel Holding,AKS,2.58,2.73,2.53,2.57,-0.01,-0.39,"8,213,218",6.8,2.53,...,...,18.36,-54.59,Monday,Monday,12/17/2018
13993,46,AK Steel Holding,AKS,2.6,2.69,2.58,2.61,0.04,1.56,"6,715,460",6.8,2.53,...,...,18.64,-53.89,Tuesday,Tuesday,12/18/2018
13994,46,AK Steel Holding,AKS,2.63,2.72,2.47,2.49,-0.12,-4.6,"10,036,514",6.8,2.47,...,...,17.79,-56.01,Wednesday,Wednesday,12/19/2018
13995,46,AK Steel Holding,AKS,2.53,2.59,2.42,2.45,-0.04,-1.61,"11,751,654",6.8,2.42,...,...,17.5,-56.71,Thursday,Thursday,12/20/2018
13996,46,AK Steel Holding,AKS,2.5,2.5,2.28,2.32,-0.13,-5.31,"17,639,928",6.8,2.28,...,...,16.57,-59.01,Friday,Friday,12/21/2018
13997,46,AK Steel Holding,AKS,2.3,2.35,2.14,2.16,-0.16,-6.9,"8,693,268",6.8,2.14,...,...,15.43,-61.84,Monday,Monday,12/24/2018
13998,46,AK Steel Holding,AKS,2.2,2.26,2.05,2.25,0.09,4.17,"11,794,344",6.8,2.05,...,...,16.07,-60.25,Wednesday,Wednesday,12/26/2018
13999,46,AK Steel Holding,AKS,2.21,2.3,2.19,2.29,0.04,1.78,"9,813,343",6.8,2.05,...,...,16.36,-59.54,Thursday,Thursday,12/27/2018
14000,46,AK Steel Holding,AKS,2.29,2.37,2.24,2.27,-0.02,-0.87,"9,041,388",6.8,2.05,...,...,16.21,-59.89,Friday,Friday,12/28/2018
14001,46,AK Steel Holding,AKS,2.34,2.36,2.19,2.25,-0.02,-0.88,"10,054,245",6.8,2.05,...,...,16.07,-60.25,Monday,Monday,12/31/2018
14002,46,AK Steel Holding,AKS,2.18,2.45,2.16,2.39,0.14,6.22,"8,437,662",6.8,2.05,...,...,17.07,6.22,Wednesday,Wednesday,1/2/2019
14003,46,AK Steel Holding,AKS,2.36,2.39,2.24,2.25,-0.14,-5.86,"8,611,793",6.8,2.05,...,...,16.07,...,Thursday,Thursday,1/3/2019
14004,46,AK Steel Holding,AKS,2.31,2.63,2.3,2.56,0.31,13.78,"18,658,154",6.8,2.05,...,...,18.29,13.78,Friday,Friday,1/4/2019
14005,46,AK Steel Holding,AKS,2.65,2.65,2.51,2.57,0.01,0.39,"10,908,720",6.8,2.05,...,...,18.36,14.22,Monday,Monday,1/7/2019
14006,46,AK Steel Holding,AKS,2.62,2.73,2.59,2.69,0.12,4.67,"9,749,755",6.8,2.05,...,...,19.21,19.56,Tuesday,Tuesday,1/8/2019
14007,46,AK Steel Holding,AKS,2.75,2.77,2.63,2.76,0.07,2.6,"10,119,489",6.8,2.05,...,...,19.71,22.67,Wednesday,Wednesday,1/9/2019
14008,46,AK Steel Holding,AKS,2.75,2.76,2.6,2.7,-0.06,-2.17,"12,469,641",6.8,2.05,...,...,19.29,20,Thursday,Thursday,1/10/2019
14009,46,AK Steel Holding,AKS,2.68,2.8,2.62,2.79,0.09,3.33,"8,008,663",6.8,2.05,...,...,19.93,24,Friday,Friday,1/11/2019
14010,46,AK Steel Holding,AKS,2.73,2.8,2.71,2.74,-0.05,-1.79,"6,490,596",6.8,2.05,...,...,19.57,21.78,Monday,Monday,1/14/2019
14011,46,AK Steel Holding,AKS,2.75,2.76,2.66,2.68,-0.06,-2.19,"6,407,343",6.8,2.05,...,...,19.14,19.11,Tuesday,Tuesday,1/15/2019
14012,46,AK Steel Holding,AKS,2.69,2.72,2.64,2.69,0.01,0.37,"8,068,178",6.8,2.05,...,...,19.21,19.56,Wednesday,Wednesday,1/16/2019
14013,46,AK Steel Holding,AKS,2.65,2.78,2.65,2.76,0.07,2.6,"8,164,086",6.66,2.05,...,...,19.71,22.67,Thursday,Thursday,1/17/2019
14014,46,AK Steel Holding,AKS,2.79,2.79,2.71,2.72,-0.04,-1.45,"8,115,845",6.59,2.05,...,...,19.43,20.89,Friday,Friday,1/18/2019
14015,46,AK Steel Holding,AKS,2.72,2.72,2.6,2.68,-0.04,-1.47,"9,016,071",6.5,2.05,...,...,19.14,19.11,Tuesday,Tuesday,1/22/2019
14016,46,AK Steel Holding,AKS,2.7,2.72,2.59,2.62,-0.06,-2.24,"8,190,459",6.5,2.05,...,...,18.71,16.44,Wednesday,Wednesday,1/23/2019
14017,46,AK Steel Holding,AKS,2.62,2.68,2.59,2.62,...,...,"5,218,839",6.5,2.05,...,...,18.71,16.44,Thursday,Thursday,1/24/2019
14018,46,AK Steel Holding,AKS,2.67,2.81,2.65,2.8,0.18,6.87,"11,369,814",6.5,2.05,...,...,20,24.44,Friday,Friday,1/25/2019
