,Unnamed: 0,Name,Symbol,Open,High,Low,Close,Net Chg,% Chg,Volume,52 Wk High,52 Wk Low,Div,Yield,P/E,YTD % Chg,Stock,day,date
21434,110,Ampco-Pittsburgh,AP,9.14,9.49,8.85,8.9,-0.15,-1.66,"41,570",18.59,8.85,0.36,4.04,...,-28.23,Thursday,Thursday,3/29/2018
21435,110,Ampco-Pittsburgh,AP,9.95,10.35,9.95,10.05,0.05,0.5,"35,080",18.59,8.49,0.36,3.58,...,-18.95,Wednesday,Wednesday,4/11/2018
21436,110,Ampco-Pittsburgh,AP,10.1,10.55,10.1,10.4,0.35,3.48,"26,693",18.59,8.49,0.36,3.46,...,-16.13,Thursday,Thursday,4/12/2018
21437,109,Ampco-Pittsburgh,AP,10.8,11.05,10.7,10.95,0.25,2.34,"30,884",18.59,8.49,0.36,3.29,...,-11.69,Tuesday,Tuesday,4/17/2018
21438,109,Ampco-Pittsburgh,AP,11,11.35,11,11.25,0.3,2.74,"36,337",18.59,8.49,0.36,3.2,...,-9.27,Wednesday,Wednesday,4/18/2018
21439,109,Ampco-Pittsburgh,AP,11.15,11.3,11.15,11.25,...,...,"21,333",18.59,8.49,0.36,3.2,...,-9.27,Thursday,Thursday,4/19/2018
21440,109,Ampco-Pittsburgh,AP,11.2,11.25,11.05,11.15,-0.1,-0.89,"27,332",18.59,8.49,0.36,3.23,...,-10.08,Friday,Friday,4/20/2018
21441,109,Ampco-Pittsburgh,AP,10.75,11,10.7,10.9,0.1,0.93,"19,165",18.59,8.49,0.36,3.3,...,-12.1,Tuesday,Tuesday,4/24/2018
21442,109,Ampco-Pittsburgh,AP,10.95,11,10.45,10.55,-0.35,-3.21,"42,047",18.59,8.49,0.36,3.41,...,-14.92,Wednesday,Wednesday,4/25/2018
21443,109,Ampco-Pittsburgh,AP,10.45,10.65,10.2,10.4,...,...,"65,681",18.59,8.49,0.36,3.46,...,-16.13,Friday,Friday,4/27/2018
21444,109,Ampco-Pittsburgh,AP,10.5,10.5,9.85,9.85,-0.55,-5.29,"22,958",18.59,8.49,0.36,3.65,...,-20.56,Monday,Monday,4/30/2018
21445,109,Ampco-Pittsburgh,AP,9.9,9.9,8.95,9.4,-0.45,-4.57,"43,814",18.59,8.49,0.36,3.83,...,-24.19,Tuesday,Tuesday,5/1/2018
21446,109,Ampco-Pittsburgh,AP,9.75,9.75,9.15,9.2,-0.6,-6.12,"31,616",18.59,8.49,0.36,3.91,...,-25.81,Thursday,Thursday,5/3/2018
21447,109,Ampco-Pittsburgh,AP,9.2,9.6,9.2,9.35,0.15,1.63,"56,250",18.59,8.49,0.36,3.85,...,-24.6,Friday,Friday,5/4/2018
21448,109,Ampco-Pittsburgh,AP,9.4,9.55,9.35,9.55,0.2,2.14,"15,354",18.59,8.49,0.36,3.77,...,-22.98,Monday,Monday,5/7/2018
21449,109,Ampco-Pittsburgh,AP,9.55,9.95,9.45,9.6,0.05,0.52,"17,507",18.59,8.49,0.36,3.75,...,-22.58,Tuesday,Tuesday,5/8/2018
21450,110,Ampco-Pittsburgh,AP,9.7,9.75,9.55,9.7,0.1,1.04,"21,147",18.59,8.49,0.36,3.71,...,-21.77,Wednesday,Wednesday,5/9/2018
21451,110,Ampco-Pittsburgh,AP,9.85,10.6,9.8,9.95,0.25,2.58,"63,740",18.59,8.49,0.36,3.62,...,-19.76,Thursday,Thursday,5/10/2018
21452,110,Ampco-Pittsburgh,AP,10,10.05,9.95,10.05,0.1,1.01,"20,306",18.59,8.49,0.36,3.58,...,-18.95,Friday,Friday,5/11/2018
21453,110,Ampco-Pittsburgh,AP,10.13,10.45,9.9,9.95,-0.1,-1,"44,578",18.59,8.49,0.36,3.62,...,-19.76,Monday,Monday,5/14/2018
21454,110,Ampco-Pittsburgh,AP,9.95,9.95,9.3,9.35,-0.6,-6.03,"37,521",18.59,8.49,0.36,3.85,...,-24.6,Tuesday,Tuesday,5/15/2018
21455,110,Ampco-Pittsburgh,AP,9.35,10.05,9.25,9.9,0.55,5.88,"36,286",18.59,8.49,0.36,3.64,...,-20.16,Wednesday,Wednesday,5/16/2018
21456,110,Ampco-Pittsburgh,AP,9.95,10.2,9.6,9.7,-0.2,-2.02,"19,786",18.59,8.49,0.36,3.71,...,-21.77,Thursday,Thursday,5/17/2018
21457,110,Ampco-Pittsburgh,AP,9.75,9.75,9.6,9.65,-0.05,-0.52,"28,107",18.59,8.49,0.36,3.73,...,-22.18,Friday,Friday,5/18/2018
21458,110,Ampco-Pittsburgh,AP,9.72,9.85,9.45,9.55,-0.1,-1.04,"26,578",18.59,8.49,0.36,3.77,...,-22.98,Monday,Monday,5/21/2018
21459,110,Ampco-Pittsburgh,AP,9.6,10.1,9.45,10,0.45,4.71,"27,763",18.59,8.49,0.36,3.6,...,-19.35,Tuesday,Tuesday,5/22/2018
21460,110,Ampco-Pittsburgh,AP,9.85,10,9.6,9.75,-0.25,-2.5,"28,103",18.59,8.49,0.36,3.69,...,-21.37,Wednesday,Wednesday,5/23/2018
21461,111,Ampco-Pittsburgh,AP,9.8,9.8,8.8,9.2,-0.55,-5.64,"47,773",18.59,8.49,0.36,3.91,...,-25.81,Thursday,Thursday,5/24/2018
21462,111,Ampco-Pittsburgh,AP,9,9.8,9,9.8,0.6,6.52,"18,866",18.59,8.49,0.36,3.67,...,-20.97,Friday,Friday,5/25/2018
21463,111,Ampco-Pittsburgh,AP,9.65,10.2,9.63,9.9,0.1,1.02,"34,124",18.59,8.49,0.36,3.64,...,-20.16,Tuesday,Tuesday,5/29/2018
21464,111,Ampco-Pittsburgh,AP,9.95,10,9.6,9.7,-0.2,-2.02,"23,480",18.59,8.49,0.36,3.71,...,-21.77,Wednesday,Wednesday,5/30/2018
21465,111,Ampco-Pittsburgh,AP,9.9,11.1,9.9,10.9,1.2,12.37,"50,883",18.59,8.49,0.36,3.3,...,-12.1,Thursday,Thursday,5/31/2018
21466,111,Ampco-Pittsburgh,AP,10.9,10.9,9.8,10.35,-0.55,-5.05,"43,397",18.59,8.49,0.36,3.48,...,-16.53,Friday,Friday,6/1/2018
21467,111,Ampco-Pittsburgh,AP,10.35,10.48,9.6,9.65,-0.7,-6.76,"35,044",18.59,8.49,0.36,3.73,...,-22.18,Monday,Monday,6/4/2018
21468,111,Ampco-Pittsburgh,AP,9.65,9.9,9.6,9.75,0.1,1.04,"30,014",18.59,8.49,0.36,3.69,...,-21.37,Tuesday,Tuesday,6/5/2018
21469,111,Ampco-Pittsburgh,AP,9.8,10.1,9.8,10,0.25,2.56,"22,981",18.59,8.49,0.36,3.6,...,-19.35,Wednesday,Wednesday,6/6/2018
21470,111,Ampco-Pittsburgh,AP,10,10.25,10,10,...,...,"17,438",18.59,8.49,0.36,3.6,...,-19.35,Thursday,Thursday,6/7/2018
21471,111,Ampco-Pittsburgh,AP,10,10.2,10,10.05,0.05,0.5,"19,346",18.59,8.49,0.36,3.58,...,-18.95,Friday,Friday,6/8/2018
21472,110,Ampco-Pittsburgh,AP,10.1,10.4,10.1,10.3,0.25,2.49,"20,971",18.59,8.49,0.36,3.5,...,-16.94,Monday,Monday,6/11/2018
21473,110,Ampco-Pittsburgh,AP,10.35,10.47,10,10.1,-0.2,-1.94,"41,359",18.59,8.49,0.36,3.56,...,-18.55,Tuesday,Tuesday,6/12/2018
21474,110,Ampco-Pittsburgh,AP,10.2,10.45,9.95,10.4,0.3,2.97,"19,532",18.59,8.49,0.36,3.46,...,-16.13,Wednesday,Wednesday,6/13/2018
21475,110,Ampco-Pittsburgh,AP,10.4,10.45,9.6,9.75,-0.65,-6.25,"22,883",18.59,8.49,0.36,3.69,...,-21.37,Thursday,Thursday,6/14/2018
21476,110,Ampco-Pittsburgh,AP,9.75,9.75,9.45,9.6,-0.15,-1.54,"30,304",18.59,8.49,0.36,3.75,...,-22.58,Friday,Friday,6/15/2018
21477,110,Ampco-Pittsburgh,AP,9.6,9.75,9.35,9.65,0.05,0.52,"25,840",18.59,8.49,0.36,3.73,...,-22.18,Monday,Monday,6/18/2018
21478,110,Ampco-Pittsburgh,AP,9.6,10.25,9.45,10.15,0.5,5.18,"71,111",18.59,8.49,0.36,3.55,...,-18.15,Tuesday,Tuesday,6/19/2018
21479,109,Ampco-Pittsburgh,AP,10.15,10.25,9.55,9.65,-0.5,-4.93,"45,368",18.59,8.49,0.36,3.73,...,-22.18,Wednesday,Wednesday,6/20/2018
21480,110,Ampco-Pittsburgh,AP,9.65,9.85,9.65,9.75,0.1,1.04,"37,404",18.59,8.49,0.36,3.69,...,-21.37,Thursday,Thursday,6/21/2018
21481,110,Ampco-Pittsburgh,AP,9.85,10.3,9.7,10.05,0.3,3.08,"696,050",18.59,8.49,0.36,3.58,...,-18.95,Friday,Friday,6/22/2018
21482,110,Ampco-Pittsburgh,AP,10.05,10.65,9.9,10.5,0.45,4.48,"55,131",18.59,8.49,0.36,3.43,...,-15.32,Monday,Monday,6/25/2018
21483,110,Ampco-Pittsburgh,AP,10.45,10.55,10.15,10.5,...,...,"77,221",18.59,8.49,0.36,3.43,...,-15.32,Tuesday,Tuesday,6/26/2018
21484,110,Ampco-Pittsburgh,AP,10.5,10.85,10.38,10.55,0.05,0.48,"67,922",18.59,8.49,0.36,3.41,...,-14.92,Wednesday,Wednesday,6/27/2018
21485,110,Ampco-Pittsburgh,AP,10.45,10.65,10.15,10.25,-0.3,-2.84,"48,299",18.59,8.49,0.36,3.51,...,-17.34,Thursday,Thursday,6/28/2018
21486,110,Ampco-Pittsburgh,AP,10.2,10.45,10.2,10.25,...,...,"37,029",18.59,8.49,0.36,3.51,...,-17.34,Friday,Friday,6/29/2018
21487,110,Ampco-Pittsburgh,AP,10.2,10.35,9.95,10.1,-0.15,-1.46,"33,657",18.59,8.49,0.36,3.56,...,-18.55,Monday,Monday,7/2/2018
21488,110,Ampco-Pittsburgh,AP,10.1,10.1,9.85,10.05,-0.05,-0.5,"24,121",18.59,8.49,0.36,3.58,...,-18.95,Tuesday,Tuesday,7/3/2018
21489,110,Ampco-Pittsburgh,AP,10.1,10.45,9.9,10.35,0.3,2.99,"14,179",18.59,8.49,0.36,3.48,...,-16.53,Thursday,Thursday,7/5/2018
21490,110,Ampco-Pittsburgh,AP,10.6,10.85,10.55,10.7,0.35,3.38,"18,290",18.59,8.49,0.36,3.36,...,-13.71,Friday,Friday,7/6/2018
21491,110,Ampco-Pittsburgh,AP,10.7,10.75,10.35,10.45,-0.25,-2.34,"21,463",18.59,8.49,0.36,3.44,...,-15.73,Monday,Monday,7/9/2018
21492,110,Ampco-Pittsburgh,AP,10.5,10.55,10.2,10.3,-0.15,-1.44,"18,891",18.59,8.49,0.36,3.5,...,-16.94,Tuesday,Tuesday,7/10/2018
21493,110,Ampco-Pittsburgh,AP,10.25,10.25,9.4,9.7,-0.6,-5.83,"58,822",18.59,8.49,0.36,3.71,...,-21.77,Wednesday,Wednesday,7/11/2018
21494,110,Ampco-Pittsburgh,AP,9.7,9.95,9.65,9.95,0.25,2.58,"23,268",18.59,8.49,0.36,3.62,...,-19.76,Thursday,Thursday,7/12/2018
21495,110,Ampco-Pittsburgh,AP,9.95,10.32,9.9,9.9,-0.05,-0.5,"11,658",18.59,8.49,0.36,3.64,...,-20.16,Friday,Friday,7/13/2018
21496,110,Ampco-Pittsburgh,AP,9.95,10,9.5,9.6,-0.3,-3.03,"22,864",18.59,8.49,0.36,3.75,...,-22.58,Monday,Monday,7/16/2018
21497,110,Ampco-Pittsburgh,AP,9.6,10.15,9.6,9.9,0.3,3.13,"13,525",18.59,8.49,0.36,3.64,...,-20.16,Tuesday,Tuesday,7/17/2018
21498,110,Ampco-Pittsburgh,AP,9.9,9.95,9.6,9.8,-0.1,-1.01,"34,375",18.59,8.49,0.36,3.67,...,-20.97,Wednesday,Wednesday,7/18/2018
21499,110,Ampco-Pittsburgh,AP,9.7,10.1,9.7,9.85,0.05,0.51,"21,203",18.59,8.49,0.36,3.65,...,-20.56,Thursday,Thursday,7/19/2018
21500,110,Ampco-Pittsburgh,AP,9.9,9.93,9.75,9.85,...,...,"4,862",18.59,8.49,0.36,3.65,...,-20.56,Friday,Friday,7/20/2018
21501,110,Ampco-Pittsburgh,AP,9.6,9.85,9.53,9.8,-0.05,-0.51,"19,033",18.59,8.49,0.36,3.67,...,-20.97,Monday,Monday,7/23/2018
21502,110,Ampco-Pittsburgh,AP,9.9,10.15,9.57,9.65,-0.15,-1.53,"30,367",18.59,8.49,0.36,3.73,...,-22.18,Tuesday,Tuesday,7/24/2018
21503,110,Ampco-Pittsburgh,AP,9.75,9.95,9.6,9.95,0.3,3.11,"18,861",18.59,8.49,0.36,3.62,...,-19.76,Wednesday,Wednesday,7/25/2018
21504,110,Ampco-Pittsburgh,AP,9.95,10.15,9.85,10.1,0.15,1.51,"11,321",18.59,8.49,0.36,3.56,...,-18.55,Thursday,Thursday,7/26/2018
21505,110,Ampco-Pittsburgh,AP,10.15,10.5,10.05,10.5,0.4,3.96,"17,656",18.59,8.49,0.36,3.43,...,-15.32,Friday,Friday,7/27/2018
21506,110,Ampco-Pittsburgh,AP,10.59,11.07,10.5,10.8,0.3,2.86,"57,673",18.59,8.49,0.36,3.33,...,-12.9,Monday,Monday,7/30/2018
21507,110,Ampco-Pittsburgh,AP,10.88,10.88,10.5,10.55,-0.25,-2.31,"25,341",18.59,8.49,0.36,3.41,...,-14.92,Tuesday,Tuesday,7/31/2018
21508,110,Ampco-Pittsburgh,AP,10.5,10.5,10.3,10.4,-0.15,-1.42,"9,186",18.59,8.49,0.36,3.46,...,-16.13,Wednesday,Wednesday,8/1/2018
21509,110,Ampco-Pittsburgh,AP,10.3,10.3,10.15,10.25,-0.15,-1.44,"5,185",18.59,8.49,0.36,3.51,...,-17.34,Thursday,Thursday,8/2/2018
21510,110,Ampco-Pittsburgh,AP,10.42,10.42,10.1,10.1,-0.15,-1.46,"5,536",18.59,8.49,0.36,3.56,...,-18.55,Friday,Friday,8/3/2018
21511,110,Ampco-Pittsburgh,AP,10.23,10.23,10,10,-0.1,-0.99,"7,208",18.59,8.49,0.36,3.6,...,-19.35,Monday,Monday,8/6/2018
21512,110,Ampco-Pittsburgh,AP,10.17,10.2,9.68,9.7,-0.3,-3,"34,754",18.59,8.49,0.36,3.71,...,-21.77,Tuesday,Tuesday,8/7/2018
21513,110,Ampco-Pittsburgh,AP,9.65,10,9.55,10,0.3,3.09,"19,326",18.59,8.49,0.36,3.6,...,-19.35,Wednesday,Wednesday,8/8/2018
21514,110,Ampco-Pittsburgh,AP,10.1,10.1,9.75,9.75,-0.25,-2.5,"41,148",18.59,8.49,0.36,3.69,...,-21.37,Thursday,Thursday,8/9/2018
21515,110,Ampco-Pittsburgh,AP,9.5,9.5,8.55,8.65,-1.1,-11.28,"82,095",18.59,8.49,0.36,4.16,...,-30.24,Friday,Friday,8/10/2018
21516,110,Ampco-Pittsburgh,AP,8.65,8.8,8.46,8.5,-0.15,-1.73,"56,161",18.59,8.46,0.36,4.24,...,-31.45,Monday,Monday,8/13/2018
21517,110,Ampco-Pittsburgh,AP,8.6,8.6,7.28,7.4,-1.1,-12.94,"137,220",18.59,7.28,0.36,4.86,...,-40.32,Tuesday,Tuesday,8/14/2018
21518,110,Ampco-Pittsburgh,AP,7.4,7.62,7.3,7.3,-0.1,-1.35,"41,821",18.59,7.28,0.36,4.93,...,-41.13,Wednesday,Wednesday,8/15/2018
21519,110,Ampco-Pittsburgh,AP,7.3,8.05,7.2,7.95,0.65,8.9,"96,689",18.59,7.2,0.36,4.53,...,-35.89,Thursday,Thursday,8/16/2018
21520,110,Ampco-Pittsburgh,AP,8,8.05,7.35,7.5,-0.45,-5.66,"73,536",18.59,7.2,0.36,4.8,...,-39.52,Friday,Friday,8/17/2018
21521,110,Ampco-Pittsburgh,AP,7.5,7.75,7.4,7.7,0.2,2.67,"61,281",18.59,7.2,0.36,4.68,...,-37.9,Monday,Monday,8/20/2018
21522,110,Ampco-Pittsburgh,AP,7.7,7.95,7.5,7.7,...,...,"22,555",18.59,7.2,0.36,4.68,...,-37.9,Tuesday,Tuesday,8/21/2018
21523,110,Ampco-Pittsburgh,AP,7.55,7.9,7.55,7.7,...,...,"37,414",18.59,7.2,0.36,4.68,...,-37.9,Wednesday,Wednesday,8/22/2018
21524,110,Ampco-Pittsburgh,AP,7.6,7.9,7.5,7.6,-0.1,-1.3,"36,497",18.59,7.2,0.36,4.74,...,-38.71,Thursday,Thursday,8/23/2018
21525,110,Ampco-Pittsburgh,AP,7.65,7.81,7.65,7.8,0.2,2.63,"16,793",18.59,7.2,0.36,4.62,...,-37.1,Friday,Friday,8/24/2018
21526,110,Ampco-Pittsburgh,AP,7.73,7.73,7.6,7.7,-0.1,-1.28,"17,455",18.59,7.2,0.36,4.68,...,-37.9,Monday,Monday,8/27/2018
21527,110,Ampco-Pittsburgh,AP,7.6,7.65,7.4,7.4,-0.3,-3.9,"21,060",18.59,7.2,0.36,4.86,...,-40.32,Tuesday,Tuesday,8/28/2018
21528,110,Ampco-Pittsburgh,AP,7.4,7.5,7.25,7.35,-0.05,-0.68,"19,465",18.59,7.2,0.36,4.9,...,-40.73,Wednesday,Wednesday,8/29/2018
21529,110,Ampco-Pittsburgh,AP,7.45,7.65,7.35,7.55,0.2,2.72,"50,879",18.59,7.2,0.36,4.77,...,-39.11,Thursday,Thursday,8/30/2018
21530,110,Ampco-Pittsburgh,AP,7.55,7.6,7.45,7.55,...,...,"12,279",18.59,7.2,0.36,4.77,...,-39.11,Friday,Friday,8/31/2018
21531,110,Ampco-Pittsburgh,AP,7.55,7.8,7.55,7.75,0.2,2.65,"14,619",18.59,7.2,0.36,4.65,...,-37.5,Tuesday,Tuesday,9/4/2018
21532,110,Ampco-Pittsburgh,AP,7.6,7.6,7.3,7.5,-0.25,-3.23,"25,343",18.59,7.2,0.36,4.8,...,-39.52,Wednesday,Wednesday,9/5/2018
21533,110,Ampco-Pittsburgh,AP,7.55,7.6,7.25,7.25,-0.25,-3.33,"41,235",18.59,7.2,0.36,4.97,...,-41.53,Thursday,Thursday,9/6/2018
21534,110,Ampco-Pittsburgh,AP,7.2,7.45,7.1,7.25,...,...,"38,374",18.59,7.1,0.36,4.97,...,-41.53,Friday,Friday,9/7/2018
21535,110,Ampco-Pittsburgh,AP,7.3,7.3,7.1,7.2,-0.05,-0.69,"29,358",18.59,7.1,0.36,5,...,-41.94,Monday,Monday,9/10/2018
21536,110,Ampco-Pittsburgh,AP,7.1,7.15,6.88,6.95,-0.25,-3.47,"66,182",18.59,6.88,0.36,5.18,...,-43.95,Tuesday,Tuesday,9/11/2018
21537,109,Ampco-Pittsburgh,AP,6.9,6.95,6.55,6.7,-0.25,-3.6,"72,031",18.59,6.55,0.36,5.37,...,-45.97,Wednesday,Wednesday,9/12/2018
21538,109,Ampco-Pittsburgh,AP,6.7,7.1,6.3,7.05,0.35,5.22,"124,019",18.59,6.3,0.36,5.11,...,-43.15,Thursday,Thursday,9/13/2018
21539,109,Ampco-Pittsburgh,AP,7.05,7.35,6.85,7.25,0.2,2.84,"60,411",18.59,6.3,0.36,4.97,...,-41.53,Friday,Friday,9/14/2018
21540,109,Ampco-Pittsburgh,AP,7.2,7.25,6.85,7,-0.25,-3.45,"54,732",18.59,6.3,0.36,5.14,...,-43.55,Monday,Monday,9/17/2018
21541,109,Ampco-Pittsburgh,AP,7,7.2,6.88,7,...,...,"95,668",18.59,6.3,0.36,5.14,...,-43.55,Tuesday,Tuesday,9/18/2018
21542,109,Ampco-Pittsburgh,AP,6.95,7.2,6.9,6.9,-0.1,-1.43,"66,426",18.59,6.3,0.36,5.22,...,-44.35,Wednesday,Wednesday,9/19/2018
21543,109,Ampco-Pittsburgh,AP,6.97,7.1,6.9,6.9,...,...,"87,912",18.59,6.3,0.36,5.22,...,-44.35,Thursday,Thursday,9/20/2018
21544,109,Ampco-Pittsburgh,AP,6.85,7,6.85,7,0.1,1.45,"41,847",18.59,6.3,0.36,5.14,...,-43.55,Friday,Friday,9/21/2018
21545,108,Ampco-Pittsburgh,AP,6.9,7,6.8,6.95,-0.05,-0.71,"31,763",18.59,6.3,0.36,5.18,...,-43.95,Monday,Monday,9/24/2018
21546,108,Ampco-Pittsburgh,AP,6.9,6.95,6.65,6.75,-0.2,-2.88,"43,802",18.59,6.3,0.36,5.33,...,-45.56,Tuesday,Tuesday,9/25/2018
21547,108,Ampco-Pittsburgh,AP,6.75,6.75,6.45,6.5,-0.25,-3.7,"55,949",18.59,6.3,0.36,5.54,...,-47.58,Wednesday,Wednesday,9/26/2018
21548,108,Ampco-Pittsburgh,AP,6.5,6.6,6.35,6.45,-0.05,-0.77,"345,575",18.59,6.3,0.36,5.58,...,-47.98,Thursday,Thursday,9/27/2018
21549,108,Ampco-Pittsburgh,AP,6,6.03,5.55,5.9,-0.55,-8.53,"66,329",18.59,5.55,0.36,6.1,...,-52.42,Friday,Friday,9/28/2018
21550,108,Ampco-Pittsburgh,AP,5.94,6,5.63,5.71,-0.19,-3.22,"105,970",18.59,5.55,0.36,6.3,...,-53.95,Monday,Monday,10/1/2018
21551,108,Ampco-Pittsburgh,AP,5.7,5.7,5.05,5.17,-0.54,-9.46,"130,126",18.59,5.05,0.36,6.96,...,-58.31,Tuesday,Tuesday,10/2/2018
21552,108,Ampco-Pittsburgh,AP,5.16,5.54,5.15,5.45,0.28,5.42,"119,042",18.59,5.05,0.36,6.61,...,-56.05,Wednesday,Wednesday,10/3/2018
21553,108,Ampco-Pittsburgh,AP,5.48,5.49,5.1,5.18,-0.27,-4.95,"56,092",18.59,5.05,0.36,6.95,...,-58.23,Thursday,Thursday,10/4/2018
21554,108,Ampco-Pittsburgh,AP,5.11,5.2,4.91,5.13,-0.05,-0.97,"46,760",18.59,4.91,0.36,7.02,...,-58.63,Friday,Friday,10/5/2018
21555,107,Ampco-Pittsburgh,AP,5.08,5.3,5.03,5.12,-0.01,-0.19,"36,760",18.59,4.91,0.36,7.03,...,-58.71,Monday,Monday,10/8/2018
21556,108,Ampco-Pittsburgh,AP,5.07,5.16,4.95,4.98,-0.14,-2.73,"59,315",18.59,4.91,0.36,7.23,...,-59.84,Tuesday,Tuesday,10/9/2018
21557,108,Ampco-Pittsburgh,AP,4.95,4.95,4.66,4.74,-0.24,-4.82,"59,527",18.59,4.66,0.36,7.59,...,-61.77,Wednesday,Wednesday,10/10/2018
21558,108,Ampco-Pittsburgh,AP,4.75,4.79,4.35,4.76,0.02,0.42,"205,692",18.59,4.35,0.36,7.56,...,-61.61,Thursday,Thursday,10/11/2018
21559,108,Ampco-Pittsburgh,AP,4.8,4.95,4.65,4.79,0.03,0.63,"102,012",18.59,4.35,0.36,7.52,...,-61.37,Friday,Friday,10/12/2018
21560,108,Ampco-Pittsburgh,AP,4.79,4.98,4.6,4.63,-0.16,-3.34,"39,057",18.59,4.35,0.36,7.78,...,-62.66,Monday,Monday,10/15/2018
21561,108,Ampco-Pittsburgh,AP,4.67,4.87,4.46,4.71,0.08,1.73,"65,095",18.59,4.35,0.36,7.64,...,-62.02,Tuesday,Tuesday,10/16/2018
21562,108,Ampco-Pittsburgh,AP,4.67,4.71,4.46,4.55,-0.16,-3.4,"62,474",18.59,4.35,0.36,7.91,...,-63.31,Wednesday,Wednesday,10/17/2018
21563,108,Ampco-Pittsburgh,AP,4.54,4.56,4.38,4.56,0.01,0.22,"58,722",18.59,4.35,0.36,7.89,...,-63.23,Thursday,Thursday,10/18/2018
21564,108,Ampco-Pittsburgh,AP,4.5,4.56,4.39,4.5,-0.06,-1.32,"44,669",18.59,4.35,0.36,8,...,-63.71,Friday,Friday,10/19/2018
21565,108,Ampco-Pittsburgh,AP,4.54,4.54,4.37,4.38,-0.12,-2.67,"34,854",18.35,4.35,0.36,8.22,...,-64.68,Monday,Monday,10/22/2018
21566,108,Ampco-Pittsburgh,AP,4.3,4.3,4.14,4.26,-0.12,-2.74,"55,171",18.34,4.14,0.36,8.45,...,-65.65,Tuesday,Tuesday,10/23/2018
21567,108,Ampco-Pittsburgh,AP,4.23,4.28,4.1,4.18,-0.08,-1.88,"53,321",18,4.1,0.36,8.61,...,-66.29,Wednesday,Wednesday,10/24/2018
21568,108,Ampco-Pittsburgh,AP,4.19,4.21,4.02,4.17,-0.01,-0.24,"42,671",18,4.02,0.36,8.63,...,-66.37,Thursday,Thursday,10/25/2018
21569,108,Ampco-Pittsburgh,AP,4.07,4.15,4,4.05,-0.12,-2.88,"51,353",18,4,0.36,8.89,...,-67.34,Friday,Friday,10/26/2018
21570,108,Ampco-Pittsburgh,AP,4.05,4.05,3.65,3.68,-0.37,-9.14,"71,336",18,3.65,0.36,9.78,...,-70.32,Monday,Monday,10/29/2018
21571,108,Ampco-Pittsburgh,AP,3.66,3.87,3.55,3.71,0.03,0.82,"87,502",18,3.55,0.36,9.7,...,-70.08,Tuesday,Tuesday,10/30/2018
21572,108,Ampco-Pittsburgh,AP,3.75,3.93,3.58,3.71,...,...,"100,985",18,3.58,0.36,9.7,...,-70.08,Wednesday,Wednesday,10/31/2018
21573,108,Ampco-Pittsburgh,AP,3.71,4.01,3.71,3.97,0.26,7.01,"88,749",18,3.58,0.36,9.07,...,-67.98,Thursday,Thursday,11/1/2018
21574,108,Ampco-Pittsburgh,AP,4,4.26,4,4.19,0.22,5.54,"143,424",18,3.58,0.36,8.59,...,-66.21,Friday,Friday,11/2/2018
21575,108,Ampco-Pittsburgh,AP,4.26,4.52,4.13,4.39,0.2,4.77,"139,281",16,3.58,0.36,8.2,...,-64.6,Monday,Monday,11/5/2018
21576,107,Ampco-Pittsburgh,AP,4.42,4.58,4.38,4.45,0.06,1.37,"50,900",15.65,3.58,0.36,8.09,...,-64.11,Tuesday,Tuesday,11/6/2018
21577,107,Ampco-Pittsburgh,AP,4.49,4.55,4.36,4.47,0.02,0.45,"64,916",15.65,3.58,0.36,8.05,...,-63.95,Wednesday,Wednesday,11/7/2018
21578,107,Ampco-Pittsburgh,AP,4.5,5.12,4.5,5.07,0.6,13.42,"271,435",15.65,3.58,0.36,7.1,...,-59.11,Thursday,Thursday,11/8/2018
21579,107,Ampco-Pittsburgh,AP,5.05,5.05,4.64,4.81,-0.26,-5.13,"129,574",15.65,3.58,0.36,7.48,...,-61.21,Friday,Friday,11/9/2018
21580,107,Ampco-Pittsburgh,AP,4.7,4.7,4.4,4.45,-0.36,-7.48,"41,094",15.65,3.58,0.36,8.09,...,-64.11,Monday,Monday,11/12/2018
21581,107,Ampco-Pittsburgh,AP,4.45,4.87,4.21,4.42,-0.03,-0.67,"63,932",15.65,3.58,0.36,8.14,...,-64.35,Tuesday,Tuesday,11/13/2018
21582,107,Ampco-Pittsburgh,AP,4.43,4.45,4.25,4.4,-0.02,-0.45,"109,687",15.65,3.58,0.36,8.18,...,-64.52,Wednesday,Wednesday,11/14/2018
21583,107,Ampco-Pittsburgh,AP,4.35,4.36,3.82,4.23,-0.17,-3.86,"98,247",15.65,3.58,0.36,8.51,...,-65.89,Thursday,Thursday,11/15/2018
21584,107,Ampco-Pittsburgh,AP,4.23,4.36,4.1,4.23,...,...,"43,807",15.65,3.58,0.36,8.51,...,-65.89,Friday,Friday,11/16/2018
21585,107,Ampco-Pittsburgh,AP,4.21,4.5,4.16,4.38,0.15,3.55,"46,144",15.65,3.58,0.36,8.22,...,-64.68,Monday,Monday,11/19/2018
21586,107,Ampco-Pittsburgh,AP,4.12,4.21,3.9,3.98,-0.4,-9.13,"81,857",15.65,3.58,0.36,9.05,...,-67.9,Tuesday,Tuesday,11/20/2018
21587,107,Ampco-Pittsburgh,AP,4.09,4.48,4.05,4.33,0.35,8.79,"50,235",15.65,3.58,0.36,8.31,...,-65.08,Wednesday,Wednesday,11/21/2018
21588,107,Ampco-Pittsburgh,AP,4.35,4.48,4.26,4.48,0.15,3.46,"7,414",15.65,3.58,0.36,8.04,...,-63.87,Friday,Friday,11/23/2018
21589,107,Ampco-Pittsburgh,AP,4.53,4.54,4.01,4.25,-0.23,-5.13,"59,487",15.65,3.58,0.36,8.47,...,-65.73,Monday,Monday,11/26/2018
21590,107,Ampco-Pittsburgh,AP,4.21,4.23,4.02,4.03,-0.22,-5.18,"25,489",15.65,3.58,0.36,8.93,...,-67.5,Tuesday,Tuesday,11/27/2018
21591,107,Ampco-Pittsburgh,AP,4.07,4.34,3.9,4.23,0.2,4.96,"53,433",15.65,3.58,0.36,8.51,...,-65.89,Wednesday,Wednesday,11/28/2018
21592,106,Ampco-Pittsburgh,AP,4.19,4.23,4,4.01,-0.22,-5.2,"21,123",15.65,3.58,0.36,8.98,...,-67.66,Thursday,Thursday,11/29/2018
21593,106,Ampco-Pittsburgh,AP,4.01,4.3,3.9,4.3,0.29,7.23,"47,592",15.65,3.58,0.36,8.37,...,-65.32,Friday,Friday,11/30/2018
21594,106,Ampco-Pittsburgh,AP,4.4,4.42,4.17,4.22,-0.08,-1.86,"24,656",15.65,3.58,0.36,8.53,...,-65.97,Monday,Monday,12/3/2018
21595,106,Ampco-Pittsburgh,AP,4.21,4.3,4.01,4.04,-0.18,-4.27,"34,829",15.65,3.58,0.36,8.91,...,-67.42,Tuesday,Tuesday,12/4/2018
21596,106,Ampco-Pittsburgh,AP,3.95,3.99,3.72,3.83,-0.21,-5.2,"50,739",15.65,3.58,0.36,9.4,...,-69.11,Thursday,Thursday,12/6/2018
21597,106,Ampco-Pittsburgh,AP,3.8,3.99,3.76,3.9,0.07,1.83,"37,228",15.65,3.58,0.36,9.23,...,-68.55,Friday,Friday,12/7/2018
21598,106,Ampco-Pittsburgh,AP,3.88,3.93,3.8,3.84,-0.06,-1.54,"56,112",15.65,3.58,0.36,9.38,...,-69.03,Monday,Monday,12/10/2018
21599,106,Ampco-Pittsburgh,AP,3.85,4,3.69,3.81,-0.03,-0.78,"32,562",15.65,3.58,0.36,9.45,...,-69.27,Tuesday,Tuesday,12/11/2018
21600,106,Ampco-Pittsburgh,AP,3.9,4.04,3.9,4,0.19,4.99,"46,360",15.65,3.58,0.36,9,...,-67.74,Wednesday,Wednesday,12/12/2018
21601,106,Ampco-Pittsburgh,AP,3.97,4.02,3.92,3.92,-0.08,-2,"32,115",15.65,3.58,0.36,9.18,...,-68.39,Thursday,Thursday,12/13/2018
21602,106,Ampco-Pittsburgh,AP,3.91,3.95,3.75,3.79,-0.13,-3.32,"75,105",15.65,3.58,0.36,9.5,...,-69.44,Friday,Friday,12/14/2018
21603,106,Ampco-Pittsburgh,AP,3.79,3.81,3.5,3.57,-0.22,-5.8,"42,478",15.65,3.5,0.36,10.08,...,-71.21,Monday,Monday,12/17/2018
21604,106,Ampco-Pittsburgh,AP,3.51,3.62,3.46,3.48,-0.09,-2.52,"53,926",15.65,3.46,0.36,10.34,...,-71.94,Tuesday,Tuesday,12/18/2018
21605,106,Ampco-Pittsburgh,AP,3.61,3.64,3.25,3.29,-0.19,-5.46,"89,029",15.65,3.25,0.36,10.94,...,-73.47,Wednesday,Wednesday,12/19/2018
21606,106,Ampco-Pittsburgh,AP,3.29,3.41,3.03,3.07,-0.22,-6.69,"89,954",15.65,3.03,0.36,11.73,...,-75.24,Thursday,Thursday,12/20/2018
21607,106,Ampco-Pittsburgh,AP,3.07,3.27,3,3.02,-0.05,-1.63,"157,273",15.65,3,0.36,11.92,...,-75.65,Friday,Friday,12/21/2018
21608,106,Ampco-Pittsburgh,AP,2.98,3.12,2.95,3.08,0.06,1.99,"28,809",15.65,2.95,0.36,11.69,...,-75.16,Monday,Monday,12/24/2018
21609,106,Ampco-Pittsburgh,AP,3.09,3.14,2.91,3.1,0.02,0.65,"60,732",15.65,2.91,0.36,11.61,...,-75,Wednesday,Wednesday,12/26/2018
21610,106,Ampco-Pittsburgh,AP,3.01,3.12,2.79,2.97,-0.13,-4.19,"122,030",15.65,2.79,0.36,12.12,...,-76.05,Thursday,Thursday,12/27/2018
21611,106,Ampco-Pittsburgh,AP,2.97,3.3,2.94,3.27,0.3,10.1,"121,405",15.65,2.79,0.36,11.01,...,-73.63,Friday,Friday,12/28/2018
21612,105,Ampco-Pittsburgh,AP,3.27,3.3,3.06,3.1,-0.17,-5.2,"142,436",15.65,2.79,0.36,11.61,...,-75,Monday,Monday,12/31/2018
21613,105,Ampco-Pittsburgh,AP,3.06,4.09,3.02,4.06,0.96,30.97,"164,350",15.65,2.79,0.36,8.87,...,30.97,Wednesday,Wednesday,1/2/2019
21614,105,Ampco-Pittsburgh,AP,3.96,4.27,3.78,4.2,0.14,3.45,"119,758",15.65,2.79,0.36,8.57,...,35.48,Thursday,Thursday,1/3/2019
21615,105,Ampco-Pittsburgh,AP,4.23,4.35,4.06,4.24,0.04,0.95,"62,145",15.65,2.79,0.36,8.49,...,36.77,Friday,Friday,1/4/2019
21616,105,Ampco-Pittsburgh,AP,4.2,4.22,4.11,4.18,-0.06,-1.42,"33,668",15.65,2.79,0.36,8.61,...,34.84,Monday,Monday,1/7/2019
21617,105,Ampco-Pittsburgh,AP,4.22,4.3,4.15,4.19,0.01,0.24,"36,076",15.65,2.79,0.36,8.59,...,35.16,Tuesday,Tuesday,1/8/2019
21618,105,Ampco-Pittsburgh,AP,4.19,4.26,4.15,4.26,0.07,1.67,"32,999",15.65,2.79,0.36,8.45,...,37.42,Wednesday,Wednesday,1/9/2019
21619,105,Ampco-Pittsburgh,AP,4.26,4.64,4.22,4.44,0.18,4.23,"71,211",15.65,2.79,0.36,8.11,...,43.23,Thursday,Thursday,1/10/2019
21620,105,Ampco-Pittsburgh,AP,4.39,4.49,4.23,4.25,-0.19,-4.28,"22,413",15.65,2.79,0.36,8.47,...,37.1,Friday,Friday,1/11/2019
21621,105,Ampco-Pittsburgh,AP,4.24,4.24,4.14,4.16,-0.09,-2.12,"35,679",15.65,2.79,0.36,8.65,...,34.19,Monday,Monday,1/14/2019
21622,105,Ampco-Pittsburgh,AP,4.16,4.32,4.15,4.15,-0.01,-0.24,"13,523",15.65,2.79,0.36,8.67,...,33.87,Tuesday,Tuesday,1/15/2019
21623,105,Ampco-Pittsburgh,AP,4.15,4.3,4.08,4.2,0.05,1.2,"22,341",15.65,2.79,0.36,8.57,...,35.48,Wednesday,Wednesday,1/16/2019
21624,105,Ampco-Pittsburgh,AP,4.15,4.2,4.15,4.2,...,...,"31,554",15.65,2.79,0.36,8.57,...,35.48,Thursday,Thursday,1/17/2019
21625,105,Ampco-Pittsburgh,AP,4.2,4.2,4.14,4.18,-0.02,-0.48,"29,157",15.65,2.79,0.36,8.61,...,34.84,Friday,Friday,1/18/2019
21626,105,Ampco-Pittsburgh,AP,4.15,4.15,4.06,4.11,-0.07,-1.67,"44,366",15.65,2.79,0.36,8.76,...,32.58,Tuesday,Tuesday,1/22/2019
21627,105,Ampco-Pittsburgh,AP,4.1,4.1,3.79,3.86,-0.25,-6.08,"30,314",15.55,2.79,0.36,9.33,...,24.52,Wednesday,Wednesday,1/23/2019
21628,105,Ampco-Pittsburgh,AP,3.89,3.9,3.62,3.68,-0.18,-4.66,"70,600",15.25,2.79,0.36,9.78,...,18.71,Thursday,Thursday,1/24/2019
21629,105,Ampco-Pittsburgh,AP,3.73,3.88,3.59,3.83,0.15,4.08,"61,562",15.25,2.79,0.36,9.4,...,23.55,Friday,Friday,1/25/2019
