,Unnamed: 0,Name,Symbol,Open,High,Low,Close,Net Chg,% Chg,Volume,52 Wk High,52 Wk Low,Div,Yield,P/E,YTD % Chg,Stock,day,date
204490,184647,MercadoLibre,MELI,342.0,357.56,338.26,356.39,15.17,4.45,"564,013",417.91,210.78,0.60,0.17,1113.72,13.26,Nasdaq,Thursday,2018-03-29
204491,289242,MercadoLibre,MELI,348.21,348.21,328.38,328.7,-19.13,-5.50,"1,190,129",417.91,214.00,0.60,0.18,1027.19,4.46,Nasdaq,Wednesday,2018-04-11
204492,142493,MercadoLibre,MELI,331.05,335.99,326.0,327.4,-1.30,-0.40,"974,913",417.91,214.0,0.60,0.18,1023.13,4.05,Nasdaq,Thursday,2018-04-12
204493,217688,MercadoLibre,MELI,319.65,338.54,313.55,337.54,14.76,4.57,"986,926",417.91,217.06,0.60,0.18,1054.81,7.27,Nasdaq,Tuesday,2018-04-17
204494,291052,MercadoLibre,MELI,339.34,347.97,333.51,345.1,7.56,2.24,"737,831",417.91,217.06,0.60,0.17,1078.44,9.67,Nasdaq,Wednesday,2018-04-18
204495,144305,MercadoLibre,MELI,345.0,345.0,325.77,330.0,-15.10,-4.38,"1,308,695",417.91,217.06,0.60,0.18,1031.25,4.88,Nasdaq,Thursday,2018-04-19
204496,1077,MercadoLibre,MELI,329.45,332.41,318.28,324.49,-5.51,-1.67,"738,479",417.91,217.06,0.60,0.18,1014.03,3.12,Nasdaq,Friday,2018-04-20
204497,219498,MercadoLibre,MELI,331.56,340.7,326.22,328.77,-1.69,-0.51,"697,551",417.91,217.06,0.60,0.18,1027.41,4.48,Nasdaq,Tuesday,2018-04-24
204498,292864,MercadoLibre,MELI,326.48,338.2,323.71,336.13,7.36,2.24,"853,087",417.91,217.06,0.60,0.18,1050.41,6.82,Nasdaq,Wednesday,2018-04-25
204499,2888,MercadoLibre,MELI,354.0,354.0,337.0,341.17,-3.28,-0.95,"525,350",417.91,217.06,0.60,0.18,1066.16,8.42,Nasdaq,Friday,2018-04-27
204500,76346,MercadoLibre,MELI,340.79,346.15,337.43,339.61,-1.56,-0.46,"284,692",417.91,217.06,0.60,0.18,1061.28,7.93,Nasdaq,Monday,2018-04-30
204501,256139,MercadoLibre,MELI,339.39,342.99,335.25,339.46,-0.15,-0.04,"308,752",417.91,217.06,0.60,0.18,1060.81,7.88,Nasdaq,Tuesday,2018-05-01
204502,186458,MercadoLibre,MELI,331.91,336.03,328.75,330.59,-2.66,-0.80,"671,903",417.91,217.06,0.60,0.18,1033.09,5.06,Nasdaq,Thursday,2018-05-03
204503,45056,MercadoLibre,MELI,327.29,331.34,325.47,329.97,-0.62,-0.19,"845,084",417.91,217.06,0.60,0.18,1031.16,4.87,Nasdaq,Friday,2018-05-04
204504,114872,MercadoLibre,MELI,332.69,342.19,327.02,339.31,9.34,2.83,"597,834",417.91,217.06,0.60,0.18,1060.34,7.83,Nasdaq,Monday,2018-05-07
204505,257952,MercadoLibre,MELI,334.22,338.16,331.18,333.44,-5.87,-1.73,"390,970",417.91,217.06,0.60,0.18,1042.00,5.97,Nasdaq,Tuesday,2018-05-08
204506,329495,MercadoLibre,MELI,336.32,339.0,325.06,325.31,-8.13,-2.44,"1,228,934",417.91,217.06,0.60,0.18,1016.59,3.38,Nasdaq,Wednesday,2018-05-09
204507,188264,MercadoLibre,MELI,309.89,335.99,305.98,316.63,-8.68,-2.67,"1,829,074",417.91,217.06,0.60,0.19,989.47,0.63,Nasdaq,Thursday,2018-05-10
204508,46873,MercadoLibre,MELI,315.43,321.29,308.17,309.01,-7.62,-2.41,"808,537",417.91,217.06,0.60,0.19,965.66,-1.80,Nasdaq,Friday,2018-05-11
204509,116685,MercadoLibre,MELI,310.63,314.78,296.68,298.58,-10.43,-3.38,"993,455",417.91,217.06,0.60,0.20,0,-5.11,Nasdaq,Monday,2018-05-14
204510,259763,MercadoLibre,MELI,294.2,295.89,284.37,290.75,-7.83,-2.62,"1,196,577",417.91,217.06,0.60,0.21,0,-7.60,Nasdaq,Tuesday,2018-05-15
204511,331320,MercadoLibre,MELI,289.56,305.73,285.07,305.13,14.38,4.95,"1,378,291",417.91,217.06,0.60,0.20,0,-3.03,Nasdaq,Wednesday,2018-05-16
204512,190074,MercadoLibre,MELI,303.03,303.44,296.39,298.85,-6.28,-2.06,"735,052",417.91,217.06,0.60,0.20,0,-5.02,Nasdaq,Thursday,2018-05-17
204513,48688,MercadoLibre,MELI,297.75,304.66,292.24,295.37,-3.48,-1.16,"566,212",417.91,217.06,0.60,0.20,0,-6.13,Nasdaq,Friday,2018-05-18
204514,118501,MercadoLibre,MELI,295.82,298.83,287.53,290.6,-4.77,-1.61,"488,004",417.91,217.06,0.60,0.21,0,-7.65,Nasdaq,Monday,2018-05-21
204515,261578,MercadoLibre,MELI,292.48,297.55,290.03,294.76,4.16,1.43,"666,923",417.91,217.06,0.60,0.20,0,-6.32,Nasdaq,Tuesday,2018-05-22
204516,333133,MercadoLibre,MELI,294.0,307.64,292.7,304.79,10.03,3.40,"663,567",417.91,217.06,0.60,0.20,0,-3.14,Nasdaq,Wednesday,2018-05-23
204517,191893,MercadoLibre,MELI,301.89,316.48,297.51,314.93,10.14,3.33,"1,349,948",417.91,217.06,0.60,0.19,0,0.09,Nasdaq,Thursday,2018-05-24
204518,50509,MercadoLibre,MELI,315.91,319.54,312.29,314.7,-0.23,-0.07,"1,513,020",417.91,217.06,0.60,0.19,0,0.01,Nasdaq,Friday,2018-05-25
204519,263396,MercadoLibre,MELI,308.13,308.26,281.0,297.71,-16.99,-5.40,"2,463,341",417.91,217.06,0.60,0.20,0,-5.39,Nasdaq,Tuesday,2018-05-29
204520,334950,MercadoLibre,MELI,298.35,303.63,293.35,302.27,4.56,1.53,"1,067,221",417.91,217.06,0.60,0.20,0,-3.94,Nasdaq,Wednesday,2018-05-30
204521,193707,MercadoLibre,MELI,300.39,304.0,290.09,290.83,-11.44,-3.78,"948,736",417.91,217.06,0.60,0.21,0,-7.57,Nasdaq,Thursday,2018-05-31
204522,35918,MercadoLibre,MELI,292.39,299.14,290.4,296.66,5.83,2.00,"554,810",417.91,217.06,0.60,0.20,0,-5.72,Nasdaq,Friday,2018-06-01
204523,107583,MercadoLibre,MELI,297.28,307.99,297.28,307.65,10.99,3.70,"474,819",417.91,217.06,0.60,0.20,0,-2.23,Nasdaq,Monday,2018-06-04
204524,248859,MercadoLibre,MELI,307.84,313.11,305.71,307.02,-0.63,-0.20,"610,078",417.91,217.06,0,0,0,-2.43,Nasdaq,Tuesday,2018-06-05
204525,322200,MercadoLibre,MELI,306.99,321.04,306.05,315.0,7.98,2.60,"754,935",417.91,217.06,0,0,0,0.11,Nasdaq,Wednesday,2018-06-06
204526,177335,MercadoLibre,MELI,315.0,315.0,283.11,288.85,-26.15,-8.30,"1,440,789",417.91,217.06,0,0,0,-8.20,Nasdaq,Thursday,2018-06-07
204527,37746,MercadoLibre,MELI,292.01,292.98,282.26,288.8,-0.05,-0.02,"1,432,249",417.91,217.06,0,0,0,-8.22,Nasdaq,Friday,2018-06-08
204528,109407,MercadoLibre,MELI,288.28,308.41,287.21,297.73,8.93,3.09,"1,456,771",417.91,217.06,0,0,0,-5.38,Nasdaq,Monday,2018-06-11
204529,250682,MercadoLibre,MELI,297.73,306.49,293.0,301.14,3.41,1.15,"519,203",417.91,217.06,0,0,0,-4.30,Nasdaq,Tuesday,2018-06-12
204530,324025,MercadoLibre,MELI,300.98,303.58,290.09,291.0,-10.14,-3.37,"851,854",417.91,217.06,0,0,0,-7.52,Nasdaq,Wednesday,2018-06-13
204531,179159,MercadoLibre,MELI,294.15,309.8,292.34,305.0,14.00,4.81,"1,828,147",417.91,217.06,0,0,0,-3.07,Nasdaq,Thursday,2018-06-14
204532,39566,MercadoLibre,MELI,307.35,307.47,295.1,303.82,-1.18,-0.39,"802,239",417.91,217.06,0,0,0,-3.44,Nasdaq,Friday,2018-06-15
204533,111228,MercadoLibre,MELI,300.0,303.26,290.5,294.58,-9.24,-3.04,"984,124",417.91,217.06,0,0,0,-6.38,Nasdaq,Monday,2018-06-18
204534,252500,MercadoLibre,MELI,288.0,298.42,286.12,295.26,0.68,0.23,"637,767",417.91,217.06,0,0,0,-6.17,Nasdaq,Tuesday,2018-06-19
204535,325845,MercadoLibre,MELI,298.38,305.36,295.09,296.48,1.22,0.41,"761,074",417.91,217.06,0,0,0,-5.78,Nasdaq,Wednesday,2018-06-20
204536,180983,MercadoLibre,MELI,301.65,301.65,286.76,287.37,-9.11,-3.07,"585,416",417.91,217.06,0,0,0,-8.67,Nasdaq,Thursday,2018-06-21
204537,41399,MercadoLibre,MELI,292.48,295.0,285.03,290.86,3.49,1.21,"478,461",417.91,217.06,0,0,0,-7.56,Nasdaq,Friday,2018-06-22
204538,113054,MercadoLibre,MELI,287.48,289.84,281.79,288.27,-2.59,-0.89,"574,523",417.91,217.06,0,0,0,-8.39,Nasdaq,Monday,2018-06-25
204539,254325,MercadoLibre,MELI,296.46,305.87,295.0,298.35,10.08,3.50,"967,183",417.91,217.06,0,0,0,-5.18,Nasdaq,Tuesday,2018-06-26
204540,327669,MercadoLibre,MELI,299.28,302.98,284.89,285.35,-13.00,-4.36,"685,940",417.91,217.06,0,0,0,-9.31,Nasdaq,Wednesday,2018-06-27
204541,182819,MercadoLibre,MELI,285.35,300.0,285.35,296.8,11.45,4.01,"671,934",417.91,217.06,0,0,0,-5.68,Nasdaq,Thursday,2018-06-28
204542,43236,MercadoLibre,MELI,297.59,303.24,296.49,298.93,2.13,0.72,"521,741",417.91,217.06,0,0,0,-5.00,Nasdaq,Friday,2018-06-29
204543,98423,MercadoLibre,MELI,294.15,299.49,291.06,295.7,-3.23,-1.08,"589,674",417.91,217.06,0,0,0,-6.03,Nasdaq,Monday,2018-07-02
204544,239701,MercadoLibre,MELI,298.92,300.98,294.54,297.43,1.73,0.59,"222,579",417.91,217.06,0,0,0,-5.48,Nasdaq,Tuesday,2018-07-03
204545,170003,MercadoLibre,MELI,298.72,305.52,293.52,304.46,7.03,2.36,"424,485",417.91,217.06,0,0,0,-3.24,Nasdaq,Thursday,2018-07-05
204546,28600,MercadoLibre,MELI,306.31,314.87,304.0,312.91,8.45,2.78,"498,549",417.91,217.06,0,0,0,-0.56,Nasdaq,Friday,2018-07-06
204547,100252,MercadoLibre,MELI,314.16,316.11,302.15,309.77,-3.14,-1.00,"560,376",417.91,217.06,0,0,0,-1.55,Nasdaq,Monday,2018-07-09
204548,241528,MercadoLibre,MELI,311.3,312.0,305.26,308.15,-1.62,-0.52,"585,002",417.91,217.06,0,0,0,-2.07,Nasdaq,Tuesday,2018-07-10
204549,316708,MercadoLibre,MELI,303.12,306.6,300.0,303.24,-4.91,-1.59,"384,437",417.91,217.06,0,0,0,-3.63,Nasdaq,Wednesday,2018-07-11
204550,171830,MercadoLibre,MELI,306.09,321.61,303.67,318.05,14.81,4.88,"712,024",417.91,217.06,0,0,0,1.08,Nasdaq,Thursday,2018-07-12
204551,30426,MercadoLibre,MELI,318.0,329.15,315.13,327.68,9.63,3.03,"930,562",417.91,217.06,0,0,0,4.14,Nasdaq,Friday,2018-07-13
204552,102080,MercadoLibre,MELI,328.76,346.66,326.26,343.25,15.57,4.75,"1,020,907",417.91,217.06,0,0,0,9.09,Nasdaq,Monday,2018-07-16
204553,243352,MercadoLibre,MELI,339.0,362.74,332.11,359.8,16.55,4.82,"1,678,558",417.91,217.06,0,0,0,14.35,Nasdaq,Tuesday,2018-07-17
204554,318538,MercadoLibre,MELI,360.23,377.66,359.7,369.35,9.55,2.65,"1,837,967",417.91,217.06,0,0,0,17.38,Nasdaq,Wednesday,2018-07-18
204555,173661,MercadoLibre,MELI,366.51,375.45,363.7,374.61,5.26,1.42,"936,763",417.91,217.06,0,0,0,19.05,Nasdaq,Thursday,2018-07-19
204556,32246,MercadoLibre,MELI,372.93,381.5,368.74,373.46,-1.15,-0.31,"769,345",417.91,217.06,0,0,0,18.69,Nasdaq,Friday,2018-07-20
204557,103907,MercadoLibre,MELI,373.8,374.98,357.25,363.29,-10.17,-2.72,"948,626",417.91,217.06,0,0,0,15.45,Nasdaq,Monday,2018-07-23
204558,245188,MercadoLibre,MELI,366.79,368.11,350.33,353.0,-10.29,-2.83,"648,687",417.91,217.06,0,0,0,12.18,Nasdaq,Tuesday,2018-07-24
204559,320364,MercadoLibre,MELI,355.99,366.56,351.87,364.99,11.99,3.40,"498,038",417.91,217.06,0,0,0,16.00,Nasdaq,Wednesday,2018-07-25
204560,175497,MercadoLibre,MELI,355.61,367.0,355.61,363.73,-1.26,-0.35,"384,780",417.91,217.06,0,0,0,15.59,Nasdaq,Thursday,2018-07-26
204561,34082,MercadoLibre,MELI,365.63,366.43,350.22,354.57,-9.16,-2.52,"551,339",417.91,217.06,0,0,0,12.68,Nasdaq,Friday,2018-07-27
204562,105745,MercadoLibre,MELI,355.97,356.62,340.44,343.25,-11.32,-3.19,"776,051",417.91,217.06,0,0,0,9.09,Nasdaq,Monday,2018-07-30
204563,247029,MercadoLibre,MELI,342.69,354.56,339.52,342.91,-0.34,-0.10,"646,418",417.91,217.06,0,0,0,8.98,Nasdaq,Tuesday,2018-07-31
204564,294684,MercadoLibre,MELI,342.06,353.26,339.80,346.14,3.23,0.94,"571,792",417.91,217.06,0,0,0,10.00,Nasdaq,Wednesday,2018-08-01
204565,146122,MercadoLibre,MELI,343.09,345.0,335.08,339.27,-6.87,-1.98,"655,541",417.91,217.06,0,0,0,7.82,Nasdaq,Thursday,2018-08-02
204566,4709,MercadoLibre,MELI,340.89,344.11,336.5,343.88,4.61,1.36,"377,691",417.91,217.06,0,0,0,9.29,Nasdaq,Friday,2018-08-03
204567,78166,MercadoLibre,MELI,342.82,349.74,340.4,348.52,4.64,1.35,"336,204",417.91,217.06,0,0,0,10.76,Nasdaq,Monday,2018-08-06
204568,221316,MercadoLibre,MELI,349.52,351.51,343.23,347.42,-1.10,-0.32,"700,282",417.91,217.06,0,0,0,10.41,Nasdaq,Tuesday,2018-08-07
204569,296520,MercadoLibre,MELI,348.07,356.13,343.01,344.43,-2.99,-0.86,"659,711",417.91,217.06,0,0,0,9.46,Nasdaq,Wednesday,2018-08-08
204570,147958,MercadoLibre,MELI,337.88,394.92,337.19,384.39,39.96,11.60,"2,073,319",417.91,217.06,0,0,0,22.16,Nasdaq,Thursday,2018-08-09
204571,6539,MercadoLibre,MELI,378.86,384.97,365.61,372.35,-12.04,-3.13,"979,625",417.91,217.06,0,0,0,18.33,Nasdaq,Friday,2018-08-10
204572,80006,MercadoLibre,MELI,371.95,371.95,357.09,358.86,-13.49,-3.62,"721,809",417.91,217.06,0,0,0,14.05,Nasdaq,Monday,2018-08-13
204573,223155,MercadoLibre,MELI,362.36,365.61,355.31,363.51,4.65,1.30,"265,633",417.91,217.06,0,0,0,15.52,Nasdaq,Tuesday,2018-08-14
204574,298353,MercadoLibre,MELI,355.0,357.49,339.94,344.79,-18.72,-5.15,"986,124",417.91,217.06,0,0,0,9.58,Nasdaq,Wednesday,2018-08-15
204575,149797,MercadoLibre,MELI,349.04,351.0,333.61,334.8,-9.99,-2.90,"702,517",417.91,217.06,0,0,0,6.40,Nasdaq,Thursday,2018-08-16
204576,8379,MercadoLibre,MELI,333.29,334.66,321.57,324.2,-10.60,-3.17,"845,171",417.91,217.06,0,0,0,3.03,Nasdaq,Friday,2018-08-17
204577,81853,MercadoLibre,MELI,323.83,325.21,315.25,319.75,-4.45,-1.37,"830,945",417.91,217.06,0,0,0,1.62,Nasdaq,Monday,2018-08-20
204578,224994,MercadoLibre,MELI,319.0,335.66,315.15,328.45,8.70,2.72,"1,178,537",417.91,217.06,0,0,0,4.38,Nasdaq,Tuesday,2018-08-21
204579,300187,MercadoLibre,MELI,332.92,345.98,328.0,344.93,16.48,5.02,"1,648,704",417.91,217.06,0,0,0,9.62,Nasdaq,Wednesday,2018-08-22
204580,151633,MercadoLibre,MELI,342.5,355.0,341.86,348.33,3.40,0.99,"643,525",417.91,217.06,0,0,0,10.70,Nasdaq,Thursday,2018-08-23
204581,10217,MercadoLibre,MELI,350.07,373.12,349.17,367.54,19.21,5.51,"1,447,477",417.91,217.06,0,0,0,16.81,Nasdaq,Friday,2018-08-24
204582,83695,MercadoLibre,MELI,370.98,377.57,368.77,374.85,7.31,1.99,"653,608",417.91,217.06,0,0,0,19.13,Nasdaq,Monday,2018-08-27
204583,226841,MercadoLibre,MELI,374.95,381.9,372.28,378.18,3.33,0.89,"567,466",417.91,217.06,0,0,0,20.19,Nasdaq,Tuesday,2018-08-28
204584,302025,MercadoLibre,MELI,379.4,381.01,374.0,377.44,-0.74,-0.20,"636,522",417.91,217.06,0,0,0,19.95,Nasdaq,Wednesday,2018-08-29
204585,153467,MercadoLibre,MELI,375.41,375.41,339.33,340.15,-37.29,-9.88,"1,814,689",417.91,217.06,0,0,0,8.10,Nasdaq,Thursday,2018-08-30
204586,12059,MercadoLibre,MELI,338.44,343.37,336.55,342.41,2.26,0.66,"875,881",417.91,217.06,0,0,0,8.82,Nasdaq,Friday,2018-08-31
204587,281893,MercadoLibre,MELI,340.0,345.6,336.97,342.27,-0.14,-0.04,"699,491",417.91,217.06,0,0,0,8.77,Nasdaq,Tuesday,2018-09-04
204588,353441,MercadoLibre,MELI,339.91,340.68,323.01,328.0,-14.27,-4.17,"1,260,949",417.91,217.06,0,0,0,4.24,Nasdaq,Wednesday,2018-09-05
204589,210324,MercadoLibre,MELI,328.97,331.7,320.31,320.76,-7.24,-2.21,"975,069",417.91,217.06,0,0,0,1.94,Nasdaq,Thursday,2018-09-06
204590,68960,MercadoLibre,MELI,320.0,332.5,317.77,326.5,5.74,1.79,"552,492",417.91,217.06,0,0,0,3.76,Nasdaq,Friday,2018-09-07
204591,136981,MercadoLibre,MELI,327.72,329.25,318.36,319.43,-7.07,-2.17,"418,863",417.91,217.06,0,0,0,1.52,Nasdaq,Monday,2018-09-10
204592,283738,MercadoLibre,MELI,317.31,326.45,315.97,318.73,-0.70,-0.22,"560,343",417.91,217.06,0,0,0,1.29,Nasdaq,Tuesday,2018-09-11
204593,355280,MercadoLibre,MELI,318.0,321.42,310.79,316.9,-1.83,-0.57,"689,383",417.91,217.06,0,0,0,0.71,Nasdaq,Wednesday,2018-09-12
204594,212165,MercadoLibre,MELI,320.31,332.83,319.6,320.67,3.77,1.19,"500,067",417.91,217.06,0,0,0,1.91,Nasdaq,Thursday,2018-09-13
204595,70803,MercadoLibre,MELI,321.61,329.52,318.25,325.04,4.37,1.36,"738,870",417.91,217.06,0,0,0,3.30,Nasdaq,Friday,2018-09-14
204596,138823,MercadoLibre,MELI,323.93,328.69,317.11,322.26,-2.78,-0.86,"516,878",417.91,217.06,0,0,0,2.42,Nasdaq,Monday,2018-09-17
204597,285575,MercadoLibre,MELI,323.15,331.99,314.5,315.08,-7.18,-2.23,"820,626",417.91,217.06,0,0,0,0.13,Nasdaq,Tuesday,2018-09-18
204598,357115,MercadoLibre,MELI,315.5,319.5,310.65,315.81,0.73,0.23,"790,859",417.91,217.06,0,0,0,0.37,Nasdaq,Wednesday,2018-09-19
204599,214014,MercadoLibre,MELI,318.88,325.28,316.69,323.08,7.27,2.30,"501,177",417.91,217.06,0,0,0,2.68,Nasdaq,Thursday,2018-09-20
204600,72650,MercadoLibre,MELI,324.42,330.11,319.3,319.68,-3.40,-1.05,"639,106",417.91,217.06,0,0,0,1.60,Nasdaq,Friday,2018-09-21
204601,140665,MercadoLibre,MELI,317.0,334.15,313.34,331.38,11.70,3.66,"1,016,529",417.91,217.06,0,0,0,5.31,Nasdaq,Monday,2018-09-24
204602,287415,MercadoLibre,MELI,333.26,333.89,318.02,319.62,-11.76,-3.55,"778,380",417.91,217.06,0,0,0,1.58,Nasdaq,Tuesday,2018-09-25
204603,358962,MercadoLibre,MELI,320.73,337.5,320.00,330.75,11.13,3.48,"941,866",417.91,217.06,0,0,0,5.11,Nasdaq,Wednesday,2018-09-26
204604,215854,MercadoLibre,MELI,333.31,346.1,325.09,340.08,9.33,2.82,"993,616",417.91,217.06,0,0,0,8.08,Nasdaq,Thursday,2018-09-27
204605,74505,MercadoLibre,MELI,337.74,344.65,336.53,340.47,0.39,0.11,"470,258",417.91,217.06,0,0,0,8.20,Nasdaq,Friday,2018-09-28
204606,127729,MercadoLibre,MELI,343.84,353.11,331.74,332.49,-7.98,-2.34,"872,445",417.91,217.06,0,0,0,5.67,Nasdaq,Monday,2018-10-01
204607,272618,MercadoLibre,MELI,334.59,354.49,332.82,353.90,21.41,6.44,"1,050,504",417.91,217.06,0,0,0,12.47,Nasdaq,Tuesday,2018-10-02
204608,344174,MercadoLibre,MELI,356.56,362.33,350.26,354.1,0.20,0.06,"709,170",417.91,217.06,0,0,0,12.53,Nasdaq,Wednesday,2018-10-03
204609,202919,MercadoLibre,MELI,351.75,352.0,332.16,339.46,-14.64,-4.13,"591,090",417.91,217.06,0,0,0,7.88,Nasdaq,Thursday,2018-10-04
204610,61556,MercadoLibre,MELI,340.62,349.94,330.29,335.64,-3.82,-1.13,"629,795",417.91,217.06,0,0,0,6.67,Nasdaq,Friday,2018-10-05
204611,129577,MercadoLibre,MELI,348.94,351.41,327.51,339.50,3.86,1.15,"1,084,644",417.91,217.06,0,0,0,7.89,Nasdaq,Monday,2018-10-08
204612,274470,MercadoLibre,MELI,337.47,341.50,333.87,340.06,0.56,0.16,"487,381",417.91,217.06,0,0,0,8.07,Nasdaq,Tuesday,2018-10-09
204613,346028,MercadoLibre,MELI,336.39,338.71,314.53,319.07,-20.99,-6.17,"813,563",417.91,217.06,0,0,0,1.40,Nasdaq,Wednesday,2018-10-10
204614,204768,MercadoLibre,MELI,314.72,320.75,298.07,304.86,-14.21,-4.45,"842,009",417.91,217.06,0,0,0,-3.11,Nasdaq,Thursday,2018-10-11
204615,63402,MercadoLibre,MELI,311.94,314.21,295.40,303.42,-1.44,-0.47,"1,344,058",417.91,217.06,0,0,0,-3.57,Nasdaq,Friday,2018-10-12
204616,131429,MercadoLibre,MELI,303.28,303.28,291.50,294.75,-8.67,-2.86,"1,287,258",417.91,217.06,0,0,0,-6.33,Nasdaq,Monday,2018-10-15
204617,276329,MercadoLibre,MELI,297.20,309.30,296.01,308.60,13.85,4.70,"1,238,007",417.91,217.06,0,0,0,-1.93,Nasdaq,Tuesday,2018-10-16
204618,347887,MercadoLibre,MELI,307.91,319.03,304.69,313.37,4.77,1.55,"529,353",417.91,217.06,0,0,0,-0.41,Nasdaq,Wednesday,2018-10-17
204619,206618,MercadoLibre,MELI,313.18,317.25,297.00,298.76,-14.61,-4.66,"492,152",417.91,217.06,0,0,0,-5.05,Nasdaq,Thursday,2018-10-18
204620,65253,MercadoLibre,MELI,300.92,312.13,298.78,301.87,3.11,1.04,"408,569",417.91,217.06,0,0,0,-4.06,Nasdaq,Friday,2018-10-19
204621,133275,MercadoLibre,MELI,305.99,318.14,301.95,313.56,11.69,3.87,"565,412",417.91,217.06,0,0,0,-0.35,Nasdaq,Monday,2018-10-22
204622,278185,MercadoLibre,MELI,303.02,309.38,295.60,306.86,-6.70,-2.14,"494,482",417.91,217.06,0,0,0,-2.48,Nasdaq,Tuesday,2018-10-23
204623,349740,MercadoLibre,MELI,306.76,309.45,291.07,291.40,-15.46,-5.04,"477,214",417.91,217.06,0,0,0,-7.39,Nasdaq,Wednesday,2018-10-24
204624,208474,MercadoLibre,MELI,296.17,302.20,291.00,297.59,6.19,2.12,"586,356",417.91,222.74,0,0,0,-5.42,Nasdaq,Thursday,2018-10-25
204625,67106,MercadoLibre,MELI,295.71,302.88,287.28,295.37,-2.22,-0.75,"719,269",417.91,228.97,0,0,0,-6.13,Nasdaq,Friday,2018-10-26
204626,135132,MercadoLibre,MELI,300.98,304.50,281.30,287.34,-8.03,-2.72,"954,882",417.91,229.63,0,0,0,-8.68,Nasdaq,Monday,2018-10-29
204627,280042,MercadoLibre,MELI,286.68,312.80,285.10,310.41,23.07,8.03,"866,733",417.91,233.50,0,0,0,-1.35,Nasdaq,Tuesday,2018-10-30
204628,351593,MercadoLibre,MELI,315.07,329.51,315.00,324.50,14.09,4.54,"1,020,953",417.91,233.58,0,0,0,3.13,Nasdaq,Wednesday,2018-10-31
204629,195530,MercadoLibre,MELI,330.89,343.44,320.06,341.65,17.15,5.29,"807,201",417.91,234.67,0,0,0,8.58,Nasdaq,Thursday,2018-11-01
204630,52337,MercadoLibre,MELI,348.00,368.84,346.37,354.39,12.74,3.73,"1,348,994",417.91,250.83,0,0,0,12.63,Nasdaq,Friday,2018-11-02
204631,120332,MercadoLibre,MELI,353.59,360.49,350.74,357.62,3.23,0.91,"384,558",417.91,250.83,0,0,0,13.65,Nasdaq,Monday,2018-11-05
204632,265222,MercadoLibre,MELI,352.76,356.36,335.24,336.19,-21.43,-5.99,"578,587",417.91,250.83,0,0,0,6.84,Nasdaq,Tuesday,2018-11-06
204633,336778,MercadoLibre,MELI,340.00,349.91,329.53,349.56,13.37,3.98,"547,508",417.91,250.83,0,0,0,11.09,Nasdaq,Wednesday,2018-11-07
204634,197379,MercadoLibre,MELI,347.51,348.43,327.58,331.47,-18.09,-5.18,"564,575",417.91,250.83,0,0,0,5.34,Nasdaq,Thursday,2018-11-08
204635,54187,MercadoLibre,MELI,326.93,328.93,318.44,325.69,-5.78,-1.74,"419,959",417.91,258.06,0,0,0,3.51,Nasdaq,Friday,2018-11-09
204636,122179,MercadoLibre,MELI,325.69,328.35,318.41,322.00,-3.69,-1.13,"582,634",417.91,258.06,0,0,0,2.33,Nasdaq,Monday,2018-11-12
204637,267073,MercadoLibre,MELI,323.71,330.57,321.46,327.94,5.94,1.84,"363,855",417.91,258.06,0,0,0,4.22,Nasdaq,Tuesday,2018-11-13
204638,338620,MercadoLibre,MELI,339.00,341.00,329.30,336.86,8.92,2.72,"609,268",417.91,258.06,0,0,0,7.06,Nasdaq,Wednesday,2018-11-14
204639,199227,MercadoLibre,MELI,336.96,344.61,331.55,340.77,3.91,1.16,"618,385",417.91,259.10,0,0,0,8.30,Nasdaq,Thursday,2018-11-15
204640,56032,MercadoLibre,MELI,336.39,347.59,331.81,344.61,3.84,1.13,"443,123",417.91,259.12,0,0,0,9.52,Nasdaq,Friday,2018-11-16
204641,124025,MercadoLibre,MELI,341.16,343.94,333.26,335.39,-9.22,-2.68,"485,394",417.91,263.43,0,0,0,6.59,Nasdaq,Monday,2018-11-19
204642,268920,MercadoLibre,MELI,327.33,332.30,312.03,313.79,-21.60,-6.44,"1,131,619",417.91,263.43,0,0,0,-0.28,Nasdaq,Tuesday,2018-11-20
204643,340468,MercadoLibre,MELI,319.00,321.99,312.51,319.00,5.21,1.66,"674,604",417.91,263.43,0,0,0,1.38,Nasdaq,Wednesday,2018-11-21
204644,57866,MercadoLibre,MELI,314.08,321.16,308.53,309.82,-9.18,-2.88,"478,770",417.91,263.71,0,0,0,-1.54,Nasdaq,Friday,2018-11-23
204645,125874,MercadoLibre,MELI,316.79,323.68,314.12,322.18,12.36,3.99,"641,321",417.91,263.71,0,0,0,2.39,Nasdaq,Monday,2018-11-26
204646,270770,MercadoLibre,MELI,320.32,332.01,314.21,331.72,9.54,2.96,"382,759",417.91,263.71,0,0,0,5.42,Nasdaq,Tuesday,2018-11-27
204647,342322,MercadoLibre,MELI,335.00,346.02,326.86,345.78,14.06,4.24,"633,754",417.91,266.21,0,0,0,9.89,Nasdaq,Wednesday,2018-11-28
204648,201069,MercadoLibre,MELI,343.52,359.38,342.00,357.99,12.21,3.53,"610,475",417.91,267.01,0,0,0,13.77,Nasdaq,Thursday,2018-11-29
204649,59705,MercadoLibre,MELI,359.34,362.03,351.71,351.97,-6.02,-1.68,"808,498",417.91,267.01,0,0,0,11.86,Nasdaq,Friday,2018-11-30
204650,85536,MercadoLibre,MELI,360.91,374.84,359.00,369.51,17.54,4.98,"776,828",417.91,267.01,0,0,0,17.43,Nasdaq,Monday,2018-12-03
204651,228682,MercadoLibre,MELI,369.00,373.92,351.06,354.85,-14.66,-3.97,"707,970",417.91,267.01,0,0,0,12.77,Nasdaq,Tuesday,2018-12-04
204652,155306,MercadoLibre,MELI,344.02,350.89,340.26,350.56,-4.29,-1.21,"587,582",417.91,268.90,0,0,0,11.41,Nasdaq,Thursday,2018-12-06
204653,13894,MercadoLibre,MELI,349.50,357.91,341.65,346.56,-4.00,-1.14,"385,721",417.91,273.20,0,0,0,10.14,Nasdaq,Friday,2018-12-07
204654,87382,MercadoLibre,MELI,345.02,357.52,342.49,353.52,6.96,2.01,"441,619",417.91,276.00,0,0,0,12.35,Nasdaq,Monday,2018-12-10
204655,230524,MercadoLibre,MELI,361.00,364.94,351.68,355.24,1.72,0.49,"545,117",417.91,281.00,0,0,0,12.90,Nasdaq,Tuesday,2018-12-11
204656,303867,MercadoLibre,MELI,359.65,366.12,354.93,361.36,6.12,1.72,"452,228",417.91,281.00,0,0,0,14.84,Nasdaq,Wednesday,2018-12-12
204657,157148,MercadoLibre,MELI,360.10,361.00,333.33,333.51,-27.85,-7.71,"683,014",417.91,281.00,0,0,0,5.99,Nasdaq,Thursday,2018-12-13
204658,15735,MercadoLibre,MELI,329.00,337.33,324.13,326.52,-6.99,-2.10,"487,497",417.91,281.00,0,0,0,3.77,Nasdaq,Friday,2018-12-14
204659,89228,MercadoLibre,MELI,324.79,324.87,309.74,310.49,-16.03,-4.91,"508,357",417.91,281.00,0,0,0,-1.33,Nasdaq,Monday,2018-12-17
204660,232369,MercadoLibre,MELI,312.90,320.16,307.42,310.83,0.34,0.11,"443,107",417.91,281.00,0,0,0,-1.22,Nasdaq,Tuesday,2018-12-18
204661,305717,MercadoLibre,MELI,312.78,330.85,309.30,312.39,1.56,0.50,"733,280",417.91,281.00,0,0,0,-0.72,Nasdaq,Wednesday,2018-12-19
204662,158996,MercadoLibre,MELI,311.52,319.02,304.10,306.40,-5.99,-1.92,"485,606",417.91,281.00,0,0,0,-2.63,Nasdaq,Thursday,2018-12-20
204663,17580,MercadoLibre,MELI,308.10,315.64,285.58,286.56,-19.84,-6.48,"1,391,508",417.91,281.00,0,0,0,-8.93,Nasdaq,Friday,2018-12-21
204664,91070,MercadoLibre,MELI,281.92,284.44,257.52,257.52,-29.04,-10.13,"1,004,528",417.91,257.52,0,0,0,-18.16,Nasdaq,Monday,2018-12-24
204665,307565,MercadoLibre,MELI,261.23,283.91,260.42,281.81,24.29,9.43,"1,021,054",417.91,257.52,0,0,0,-10.44,Nasdaq,Wednesday,2018-12-26
204666,160844,MercadoLibre,MELI,274.17,290.29,272.61,289.10,7.29,2.59,"574,437",417.91,257.52,0,0,0,-8.12,Nasdaq,Thursday,2018-12-27
204667,19427,MercadoLibre,MELI,291.89,299.81,282.44,292.09,2.99,1.03,"733,634",417.91,257.52,0,0,0,-7.17,Nasdaq,Friday,2018-12-28
204668,92915,MercadoLibre,MELI,295.00,298.32,285.11,292.85,0.76,0.26,"377,884",417.91,257.52,0,0,0,-6.93,Nasdaq,Monday,2018-12-31
204669,309403,MercadoLibre,MELI,285.61,298.87,282.88,298.01,5.16,1.76,"335,179",417.91,257.52,0,0,0,1.76,Nasdaq,Wednesday,2019-01-02
204670,162681,MercadoLibre,MELI,295.08,300.50,289.14,296.59,-1.42,-0.48,"555,723",417.91,257.52,0,0,0,1.28,Nasdaq,Thursday,2019-01-03
204671,21268,MercadoLibre,MELI,301.67,317.97,301.01,315.33,18.74,6.32,"596,532",417.91,257.52,0,0,0,7.68,Nasdaq,Friday,2019-01-04
204672,94750,MercadoLibre,MELI,315.73,330.89,315.73,328.94,13.61,4.32,"454,463",417.91,257.52,0,0,0,12.32,Nasdaq,Monday,2019-01-07
204673,234207,MercadoLibre,MELI,334.17,334.99,317.74,328.49,-0.45,-0.14,"485,865",417.91,257.52,0,0,0,12.17,Nasdaq,Tuesday,2019-01-08
204674,311225,MercadoLibre,MELI,333.10,347.79,330.55,339.96,11.47,3.49,"584,371",417.91,257.52,0,0,0,16.09,Nasdaq,Wednesday,2019-01-09
204675,164507,MercadoLibre,MELI,336.09,343.99,331.00,339.59,-0.37,-0.11,"609,895",417.91,257.52,0,0,0,15.96,Nasdaq,Thursday,2019-01-10
204676,23101,MercadoLibre,MELI,337.49,348.46,333.86,344.95,5.36,1.58,"427,394",417.91,257.52,0,0,0,17.79,Nasdaq,Friday,2019-01-11
204677,96572,MercadoLibre,MELI,340.7,346.57,337.0,339.77,-5.18,-1.50,"366,715",417.91,257.52,0,0,0,16.02,Nasdaq,Monday,2019-01-14
204678,236034,MercadoLibre,MELI,341.19,350.99,341.19,350.1,10.33,3.04,"510,043",417.91,257.52,0,0,0,19.55,Nasdaq,Tuesday,2019-01-15
204679,313054,MercadoLibre,MELI,340.0,349.61,336.47,344.92,-5.18,-1.48,"636,787",417.91,257.52,0,0,0,17.78,Nasdaq,Wednesday,2019-01-16
204680,166335,MercadoLibre,MELI,341.26,346.29,335.11,342.23,-2.69,-0.78,"383,002",417.91,257.52,0,0,0,16.86,Nasdaq,Thursday,2019-01-17
204681,24930,MercadoLibre,MELI,347.07,353.97,341.12,350.66,8.43,2.46,"471,808",417.91,257.52,0,0,0,19.74,Nasdaq,Friday,2019-01-18
204682,237862,MercadoLibre,MELI,340.99,342.38,324.12,330.86,-19.80,-5.65,"612,384",417.91,257.52,0,0,0,12.98,Nasdaq,Tuesday,2019-01-22
204683,314875,MercadoLibre,MELI,334.79,337.06,322.82,328.88,-1.98,-0.60,"400,396",417.91,257.52,0,0,0,12.30,Nasdaq,Wednesday,2019-01-23
204684,168159,MercadoLibre,MELI,331.07,339.83,330.0,339.15,10.27,3.12,"449,084",417.91,257.52,0,0,0,15.81,Nasdaq,Thursday,2019-01-24
204685,26758,MercadoLibre,MELI,344.33,347.51,339.09,342.88,3.73,1.10,"431,521",417.91,257.52,0,0,0,17.08,Nasdaq,Friday,2019-01-25
